18944 18176 254 244 250 253 19456 18944 17920 18432 18176 19712 22272 22784 22016 21248 20224 19456 20480 18432 18176 20480 21760 22784 25600 25344 25600 24832 23808 22272 20992 19712 254 249 245 249 243 234 205 207 201 213 224 233 238 248 244 19712 21504 22784 22784 24064 25600 25600 25600 26368 25344 26112 24320 24320 23040 23040 22784 23040 
226 222 223 229 234 239 244 247 241 245 246 18944 19968 20480 21504 19712 18432 19200 19456 19456 18432 19712 22016 22272 23040 23808 24832 24320 22528 21760 19456 253 248 251 234 248 250 236 225 213 204 219 230 229 246 244 247 252 18944 20480 21504 24064 24576 25600 26368 25344 25344 24832 24320 23296 21248 20992 20992 19968 
201 200 201 208 208 221 220 222 239 245 243 18432 17920 19968 19712 18432 18176 19200 18176 19200 18432 20736 21248 21504 22272 21760 22528 23040 24576 21760 18944 251 245 241 245 244 237 241 230 215 207 212 220 236 245 249 251 250 246 19456 20992 22784 25344 24320 25088 24320 23296 23808 22016 20736 20480 18432 18944 18432 
197 192 184 185 187 200 205 212 209 231 240 246 246 247 250 18432 19200 19968 19200 19456 19200 20992 21760 22528 21248 22016 22528 23808 22272 20480 19712 247 235 244 244 248 230 239 241 232 220 229 237 246 249 241 243 242 18432 18176 18944 20480 21504 22528 23808 25088 24064 24576 23040 20224 18432 18432 243 247 
176 173 168 181 183 186 194 203 193 217 222 225 222 224 239 246 20736 20992 20224 18944 18688 19712 21248 21504 19968 21504 24320 23040 22784 20480 18176 18176 241 247 18176 236 230 240 236 235 223 242 251 247 254 247 243 17920 18432 18176 18176 19456 19712 21504 22272 24064 25856 23808 23552 20224 18688 243 242 248 
177 180 176 175 178 179 174 190 188 198 214 221 225 230 238 242 243 18432 19968 19200 18944 21248 21504 21760 19456 20480 20992 20736 20736 19712 19200 18176 19456 19968 18688 250 246 251 254 236 225 233 250 18176 19200 19200 17920 247 244 18176 18688 19712 19968 21760 23296 24832 23552 22784 21760 18944 19200 247 239 231 
186 176 177 175 171 171 165 174 175 179 202 207 218 224 234 227 221 252 18688 19712 19968 20992 22016 19712 19200 20224 18432 19200 18688 19200 20224 19712 19712 21248 21248 20736 19456 18688 251 241 220 242 19456 18688 20480 19712 21248 18688 240 18432 19200 20736 20736 21760 24832 22784 22784 21504 20480 18688 19200 247 222 212 
172 173 173 168 149 160 177 177 182 183 193 199 215 225 222 232 222 236 253 251 18176 19712 18432 252 246 252 242 250 18944 19200 19456 21760 23296 23296 23296 20992 21248 18688 252 242 231 245 254 19968 20224 19200 19712 18688 245 249 18176 20992 23808 23808 24320 23296 23296 21760 19712 18432 243 239 235 227 
168 164 164 152 146 170 171 177 178 189 190 205 215 213 228 225 207 233 244 245 243 249 18176 234 234 233 236 248 18176 17920 19200 21504 24320 25088 23552 23552 21504 20992 18688 254 238 250 247 18176 20736 19968 20224 18432 240 253 19968 22272 25600 23040 23808 23808 23552 20224 19200 241 238 241 237 215 
173 171 180 168 170 178 182 183 193 185 200 200 191 211 217 217 210 229 231 243 250 252 250 243 242 243 243 245 18688 18432 18944 20224 21760 21504 23040 21760 21760 20992 18432 18176 245 19200 20736 20992 20224 21248 21504 18688 244 247 18432 19712 22784 22272 21760 20736 20736 19200 253 247 241 226 233 234 
185 179 190 188 188 186 175 192 195 198 186 187 191 207 225 212 221 221 229 242 244 247 246 247 247 249 250 254 19712 19456 18432 250 253 18688 20480 22528 23552 21760 19712 18432 19456 20480 21504 22528 22528 20736 21504 18176 235 245 253 253 18688 19200 18688 19456 19712 247 246 240 246 237 228 243 
204 190 188 199 184 191 199 184 198 194 191 187 188 197 212 209 210 217 218 231 238 254 240 250 248 252 18432 19456 19456 18944 251 250 229 254 21504 20736 21248 21760 21760 19968 19456 21248 22016 22784 22272 20736 19712 254 233 243 251 244 243 246 247 245 244 236 247 247 244 233 230 230 
218 215 203 195 204 200 193 204 189 198 193 189 190 191 209 197 202 203 205 219 248 242 236 254 246 249 18944 19456 18944 18688 247 224 216 245 20992 20736 20736 21504 21760 23296 21760 22016 24064 24320 24320 20480 18944 246 237 249 249 248 220 232 232 228 222 238 233 248 249 243 232 236 
209 202 204 211 211 208 203 192 186 190 195 195 208 202 212 218 224 222 218 234 237 237 236 244 251 253 19968 18688 19456 18688 253 246 225 250 18432 20224 22016 21760 21248 21760 20992 22528 23040 21504 22016 18176 249 242 231 240 248 224 215 211 225 223 235 227 226 239 242 240 247 18432 
203 216 219 208 221 204 210 181 162 185 190 200 231 219 224 230 241 224 230 228 236 234 240 250 17920 18944 18944 19712 19200 18432 18432 240 235 247 254 19456 20992 19456 19456 19968 20480 19968 22272 19456 18176 239 233 226 214 226 232 207 195 207 207 225 233 230 230 229 229 244 19712 20224 
211 213 209 207 210 209 202 190 169 194 201 213 230 228 234 242 240 236 236 238 242 245 250 254 19200 19968 18688 19968 19200 18432 18688 244 217 238 18432 18944 21504 21248 20224 20224 19200 19200 20224 19712 18688 242 222 225 214 208 204 202 203 210 203 224 226 216 216 230 233 248 18432 20224 
218 210 216 208 216 204 191 181 173 202 231 234 234 237 240 236 245 245 249 246 251 251 18432 20224 20736 18944 18944 20480 21760 20224 254 242 213 232 251 19200 20480 21504 21504 19712 247 251 18176 18944 19456 237 212 210 196 198 190 187 193 202 202 205 214 213 208 208 217 243 247 19200 
226 216 215 228 222 205 198 202 197 219 233 240 231 231 246 243 254 253 247 247 18176 249 18176 246 239 252 252 251 18688 250 250 239 212 232 17920 18688 18176 18944 19968 18944 252 253 19200 18176 18944 243 222 205 210 198 205 194 206 198 203 218 223 220 221 213 205 226 243 18688 
219 226 221 221 231 231 214 210 218 224 241 235 249 237 248 18176 19200 247 229 247 19200 246 245 225 215 232 252 246 244 246 240 219 214 227 246 238 239 254 18432 18688 19456 19200 19200 247 241 239 229 213 208 215 215 200 203 198 203 223 224 219 225 216 202 227 241 246 
238 229 228 230 250 244 227 224 229 236 239 235 230 240 240 252 17920 249 250 237 245 235 227 224 212 228 234 252 251 236 231 232 220 235 236 228 229 250 18176 18432 18688 19200 248 244 244 230 222 218 213 208 210 213 218 211 216 220 240 237 224 226 212 213 216 218 
241 234 225 245 253 245 240 240 252 237 244 232 212 239 247 253 19200 18688 18432 231 213 215 209 214 211 225 238 243 252 237 217 224 225 231 226 232 232 232 251 18688 18432 18432 234 239 250 230 232 221 226 213 220 213 213 216 227 240 250 238 234 230 228 207 195 196 
252 246 231 238 237 243 253 253 239 241 249 247 237 234 235 245 253 250 243 232 223 219 208 199 209 215 222 235 237 235 208 221 212 222 220 220 210 232 241 235 245 240 243 247 234 225 219 222 233 217 215 215 227 228 231 238 253 241 234 222 213 214 204 197 
20480 18944 247 239 242 246 248 246 231 230 249 245 245 244 225 244 246 251 230 229 224 206 204 207 199 205 201 206 225 221 216 197 195 197 212 211 199 208 217 216 232 232 234 235 221 223 220 235 233 228 220 229 238 237 252 245 253 244 229 217 218 203 212 186 
20992 21248 18688 18176 254 18432 247 18176 251 245 251 250 254 243 250 238 247 246 239 223 218 210 203 201 197 192 199 199 213 205 189 194 193 197 184 195 189 188 208 221 227 242 228 227 210 211 223 231 216 228 220 231 226 228 243 249 242 234 237 229 210 192 180 166 
22528 22784 22528 20736 18176 17920 248 18432 19712 252 246 248 239 241 242 245 235 239 229 233 215 210 207 191 186 185 181 199 205 189 179 176 183 175 174 178 177 172 185 208 234 225 221 219 205 211 224 213 209 217 232 218 210 223 242 242 239 243 239 220 204 190 161 161 
20992 21248 20480 18688 18176 18688 19200 19712 18688 253 17920 248 245 236 235 234 214 218 231 224 219 208 203 204 208 199 193 206 205 200 198 192 193 197 194 185 179 186 200 213 229 221 207 209 197 213 214 219 211 213 229 232 235 235 247 237 250 240 234 235 223 205 191 174 
19200 19968 19456 18688 18688 19712 19456 19200 19712 19968 18944 250 253 239 229 216 205 219 220 206 212 211 201 211 223 213 203 211 209 209 219 209 219 218 207 198 189 210 221 212 214 204 198 193 199 202 210 206 219 217 217 241 240 244 242 235 254 245 236 237 221 217 212 194 
18432 19200 19456 19456 18944 20480 19456 19200 20224 18176 251 254 250 238 219 204 177 186 207 198 199 205 208 229 239 230 218 212 220 223 225 234 224 213 205 207 195 196 199 201 207 205 192 200 199 202 211 210 211 219 219 240 242 252 247 240 228 234 247 244 241 227 212 197 
18432 19200 20224 20736 21504 19200 18176 20736 20480 18176 253 251 243 220 199 176 155 172 188 190 190 197 213 230 18432 237 226 223 232 232 239 235 247 221 197 207 203 198 190 209 209 202 193 200 205 197 216 210 207 226 241 234 230 239 254 234 225 227 238 234 244 232 213 213 
18176 18688 20736 19712 18944 18944 248 18176 18688 18944 245 238 251 224 199 182 156 174 196 196 207 212 211 226 18688 241 234 235 233 237 243 243 235 226 213 213 209 207 198 212 206 209 202 207 202 207 210 219 213 222 235 243 232 240 248 251 243 236 250 252 239 228 218 203 
19968 18944 19968 18432 18176 18176 253 18176 249 241 250 236 225 220 210 188 155 174 198 199 211 215 218 234 249 245 237 233 236 244 251 237 231 224 218 224 214 216 215 206 209 216 212 208 218 210 212 217 221 241 250 233 236 238 253 251 243 249 238 240 241 232 232 205 
18944 19200 250 18688 18688 17920 238 254 246 245 230 223 218 199 190 173 158 177 212 214 233 241 247 237 250 245 236 237 249 243 247 239 231 228 220 232 217 216 212 217 211 217 218 217 221 228 227 230 243 243 234 231 237 251 18688 18432 19712 18432 18432 249 253 236 223 206 
20480 19456 253 17920 19712 245 238 247 249 248 220 211 199 186 172 161 155 189 213 229 18176 252 18688 249 18176 18176 253 247 240 240 227 234 246 231 232 239 234 233 228 216 224 225 209 225 228 235 239 246 243 242 229 233 239 244 19200 21760 22784 21504 19968 18944 253 231 230 200 
19456 17920 240 250 252 246 245 18432 18176 238 222 202 196 190 195 178 176 192 227 242 19200 19456 19200 249 249 245 239 244 251 241 247 246 248 251 239 244 231 235 235 226 243 230 225 232 236 222 236 225 212 221 223 221 229 247 253 19200 21248 19456 19456 17920 244 240 228 204 
18688 253 236 234 233 18176 18432 18176 251 233 213 210 191 201 200 200 189 218 236 247 253 17920 19712 253 243 236 241 249 18432 18688 242 19200 19456 18688 18944 18176 233 244 240 249 254 233 230 232 243 225 206 207 187 206 220 223 229 230 239 252 18176 18944 243 247 252 244 234 217 
253 240 246 236 232 240 244 252 245 237 233 222 206 209 201 212 200 221 227 249 19456 18432 18688 18688 19200 253 238 17920 18944 19712 19456 21248 21504 20992 18688 251 237 229 244 254 17920 252 237 237 233 211 192 183 181 197 212 232 234 234 245 239 252 18432 248 252 251 236 228 216 
227 242 240 231 230 225 231 233 242 254 244 237 219 217 207 209 217 222 227 252 18944 18432 17920 18432 20480 19712 247 18432 18688 20480 22016 21760 23552 20480 251 240 217 239 18176 18176 19968 18944 240 228 238 202 193 171 167 189 206 221 248 241 240 242 246 245 253 254 253 230 219 221 
241 235 227 223 228 226 223 246 18944 254 252 233 220 223 221 218 229 225 233 253 18432 17920 247 252 18176 17920 246 18944 18944 19712 20992 23040 22272 21760 18176 254 242 249 247 249 20224 251 229 233 230 210 188 187 172 194 211 220 247 250 18176 254 18432 18688 251 247 247 242 238 233 
241 231 230 217 227 221 225 250 20736 19456 17920 234 222 219 219 232 235 233 238 245 243 248 243 246 238 248 247 18944 18944 19968 21504 20992 22272 20992 20480 19712 19968 249 246 17920 18176 243 233 220 216 213 205 190 177 195 220 228 226 251 19456 20992 20480 19712 247 247 248 247 18432 241 
239 234 218 221 207 227 231 253 18688 250 249 235 234 228 234 242 253 249 246 245 251 244 238 228 209 241 245 19456 18688 20480 22272 22528 23552 22784 22784 21248 21504 19712 248 231 233 222 224 207 210 207 208 187 180 202 229 241 250 18176 20736 20992 22784 20224 18176 251 242 247 19200 249 
231 216 208 204 201 219 244 245 251 247 239 244 227 242 241 254 251 249 230 237 18176 237 233 218 191 228 18432 18432 20992 22016 21248 24064 25856 25600 23808 23808 23552 20224 236 228 210 207 215 206 188 206 203 204 191 211 236 243 18688 19712 20992 21760 24320 21504 19968 18432 241 244 18944 19200 
219 221 209 200 199 214 217 234 227 228 235 229 237 238 241 246 249 244 241 249 18688 253 241 239 223 240 251 18432 18688 19968 20736 23040 24832 23808 23296 22016 22784 19200 245 237 220 226 217 203 208 199 200 201 198 214 234 235 248 20224 20480 21760 21760 22016 21504 18944 233 247 19456 18432 
221 226 209 208 196 192 204 215 209 217 224 235 246 249 243 236 228 229 237 239 18176 254 19200 18176 251 246 244 242 246 19456 19712 22528 23808 22528 22016 22784 20736 19968 19200 242 237 243 231 216 204 201 187 203 210 221 229 242 244 19712 20224 22016 20992 21760 22784 18176 243 18176 20224 19456 
241 222 213 211 202 198 205 197 210 211 217 237 250 238 241 214 210 218 222 240 244 250 18176 18432 18688 18432 250 243 238 18944 21760 22272 24064 24320 23040 21248 20992 18944 18944 254 242 234 230 217 215 211 204 214 208 217 228 229 236 251 19200 19712 20736 20480 21760 19456 248 250 247 17920 
247 236 233 220 208 198 188 203 198 207 203 225 253 241 214 212 194 192 200 228 244 254 243 18432 19712 19712 18944 18176 240 250 20736 21760 23808 24064 24576 22528 18432 18688 18688 17920 17920 238 224 216 215 228 234 213 205 214 223 224 229 235 237 19200 21504 22016 20736 20992 19200 17920 230 242 
234 234 238 226 202 195 191 199 206 215 222 225 225 218 223 210 201 206 217 227 254 247 245 18432 20480 18944 18176 18944 18944 19456 21504 23040 23296 24576 23808 23040 22016 20224 18432 18176 19200 241 238 232 230 222 229 218 215 228 224 223 228 228 234 19200 20480 20224 18688 17920 243 249 240 240 
230 242 244 227 200 199 202 197 210 210 224 205 201 217 220 218 220 219 216 240 237 250 18176 18176 19200 18944 18176 19968 21760 20992 19712 23040 25344 24576 25344 24576 24064 20736 20224 18176 18688 249 247 240 230 236 233 226 237 232 219 231 240 244 244 254 19456 19712 18176 251 233 237 238 251 
227 240 247 228 220 220 209 201 202 199 201 195 191 205 223 231 228 225 216 223 241 236 247 18688 17920 19200 18432 22272 24064 22528 21248 22784 23552 23808 24832 23552 22784 22784 20992 20224 18176 19200 254 253 241 241 226 234 228 219 217 222 223 233 18176 19968 20224 18944 253 248 236 230 235 243 
236 240 244 245 251 229 226 217 190 198 198 186 182 206 213 220 244 225 225 231 234 230 248 249 234 251 18688 23296 26624 25344 23808 23552 22016 23552 23040 23040 21248 22272 23296 21760 18944 18688 18944 18432 252 249 236 235 219 221 228 220 224 250 18176 19712 20480 19712 242 245 237 219 221 233 
234 239 239 238 237 222 215 203 196 206 208 209 216 216 230 231 243 237 235 233 233 240 247 251 247 18432 19200 20224 22528 22528 21760 20480 19712 20224 20736 21760 22784 22528 22016 20480 20736 19712 18688 18432 247 239 232 232 245 234 231 232 223 238 252 18944 18688 253 242 242 241 231 230 245 
215 231 230 231 224 206 211 202 200 211 212 230 233 237 250 246 239 244 234 239 17920 18176 18688 18944 19456 18432 18944 18944 19456 21248 20992 18688 18688 18688 19200 21248 23296 21248 20480 20992 19968 19200 18176 237 238 248 242 252 246 240 241 240 235 240 18688 19200 251 249 246 241 253 248 237 236 
206 212 232 214 212 202 210 215 207 221 222 239 233 246 253 248 241 247 18944 18944 18432 18944 19456 19712 19968 19712 19200 19712 19968 18688 20480 19456 253 254 20224 20224 20736 20736 18176 18688 18176 254 241 245 229 234 238 251 18432 18432 248 229 223 235 17920 17920 250 246 246 18176 18176 249 244 254 
201 207 223 201 191 208 223 206 212 225 245 239 250 245 245 18432 18432 20224 20992 21248 19968 19968 18432 21504 21504 21760 19200 19712 18944 251 18432 245 242 18688 20224 20992 19712 252 240 239 247 244 242 243 222 241 240 18176 18944 254 250 237 226 241 242 249 251 241 244 253 20480 17920 17920 19456 
196 208 224 218 218 214 219 216 216 238 18944 246 245 247 254 19712 20480 20480 18944 20736 20480 20224 20224 20992 21504 22272 21504 19456 19456 253 249 230 218 236 244 252 18688 238 229 239 233 236 237 229 221 236 18432 18432 20480 18688 249 249 233 233 248 250 241 243 18176 18432 19200 18944 18944 20736 
201 215 222 226 226 227 233 239 237 245 19712 19200 249 18688 251 20224 20480 19456 18944 18688 19968 20736 22528 22528 22016 21760 20480 19200 18688 251 238 222 200 204 214 234 242 226 220 220 216 221 233 234 224 252 19712 20736 21248 20224 19712 18432 241 236 239 248 251 248 251 19456 18432 20480 20480 20480 
196 203 224 226 245 246 249 249 254 19200 18944 253 248 19968 20224 21248 23040 20736 18688 19456 19968 21504 21760 23296 23552 21248 18688 248 237 232 217 198 180 193 197 217 228 228 217 208 204 216 213 215 230 242 18176 21248 22272 20736 18944 244 239 235 232 239 251 248 250 18432 19200 20480 20736 20736 
189 219 232 237 250 18176 19456 21248 22016 19968 17920 18432 240 19200 22528 23040 22784 22272 20736 20224 21760 21248 22784 24064 24832 20480 248 232 216 204 190 181 162 166 182 204 204 213 206 207 200 194 210 209 222 246 18176 20992 24832 21248 18944 18176 236 232 233 252 17920 18944 18688 19712 20736 20480 20480 21504 
198 219 228 239 19200 18688 18432 19712 19712 18176 18688 248 247 18432 20992 20736 21504 21760 20992 20992 20480 20736 20224 22528 24832 20736 18176 240 223 209 192 189 168 183 184 205 216 221 213 216 214 219 207 210 225 231 245 19456 23040 20736 18944 243 234 246 237 245 254 253 18176 18944 19712 18688 18432 19968 
224 217 234 245 19968 18688 18176 17920 18432 18176 18176 17920 245 248 18432 19456 20480 22528 23552 21504 19456 18944 20736 21760 24320 22272 20480 253 237 212 206 194 166 178 201 214 229 225 211 218 220 229 230 216 204 217 225 18432 22784 20224 253 239 232 246 246 241 245 245 240 17920 18176 18944 19456 18432 
232 234 233 248 19200 18176 18176 248 252 18432 18176 18176 245 18176 19968 19456 20480 19456 20480 20992 22016 21248 19968 21248 22272 20224 20224 18432 246 225 220 196 179 182 189 216 226 229 210 218 228 228 227 218 208 218 226 250 20224 18176 239 234 236 230 237 229 239 235 249 249 19456 18432 253 242 
249 242 240 18176 19712 18432 249 249 18688 18176 18688 18944 18944 18944 18944 20224 20224 19200 19712 19712 22016 22272 20480 19200 19200 18688 18688 19968 18688 253 229 210 180 182 206 209 224 225 223 226 223 228 218 211 209 226 232 236 249 236 236 240 221 220 220 222 217 228 248 254 254 243 228 221 
247 247 18176 247 249 18432 19200 19712 19712 18688 19456 18176 250 18176 20480 19456 20480 18944 19456 19968 19712 19712 18432 20224 19200 18432 18432 17920 238 233 219 196 178 187 202 233 249 248 231 246 245 242 243 244 242 228 225 236 236 231 233 217 218 221 207 215 232 233 230 247 239 240 220 217 
245 249 19456 246 232 247 18432 20736 19456 19712 20224 253 238 18176 21248 20480 18688 20224 21504 19712 19200 18176 17920 18432 18176 250 238 231 223 221 200 191 194 194 212 240 19712 252 248 18944 19200 19968 20224 19456 19200 243 220 234 224 220 219 221 214 204 216 217 239 226 228 232 226 218 224 215 
18944 18688 20736 18176 248 250 18432 19968 22528 19968 19712 252 246 18688 19712 19968 20224 21504 21760 20736 18688 18432 18432 18176 246 244 224 222 208 206 207 188 185 206 223 249 19456 19456 19712 21504 22784 21760 19456 20992 19712 253 226 235 220 227 218 213 207 212 213 212 209 214 214 201 207 202 195 201 
