2104 2070 2037 2005 1973 1942 1911 1881 1852 1824 1797 1770 1745 1720 1697 1674 1653 1632 1613 1595 1578 1563 1549 1536 1525 1515 1507 1500 1494 1491 1488 1488 1488 1488 1491 1494 1500 1507 1515 1525 1536 1549 1563 1578 1595 1613 1632 1653 1674 1697 1720 1745 1770 1797 1824 1852 1881 1911 1942 1973 2005 2037 2070 2104 
2070 2036 2002 1969 1937 1905 1874 1844 1814 1785 1757 1730 1704 1679 1655 1632 1609 1589 1569 1550 1533 1517 1503 1490 1478 1468 1459 1452 1447 1443 1440 1440 1440 1440 1443 1447 1452 1459 1468 1478 1490 1503 1517 1533 1550 1569 1589 1609 1632 1655 1679 1704 1730 1757 1785 1814 1844 1874 1905 1937 1969 2002 2036 2070 
2037 2002 1968 1934 1901 1869 1837 1806 1776 1747 1718 1690 1664 1638 1613 1589 1567 1545 1525 1506 1488 1472 1457 1443 1431 1421 1412 1405 1399 1395 1392 1392 1392 1392 1395 1399 1405 1412 1421 1431 1443 1457 1472 1488 1506 1525 1545 1567 1589 1613 1638 1664 1690 1718 1747 1776 1806 1837 1869 1901 1934 1968 2002 2037 
2005 1969 1934 1900 1867 1834 1801 1770 1739 1709 1680 1651 1624 1597 1572 1547 1524 1502 1481 1462 1443 1427 1411 1397 1385 1374 1365 1357 1351 1347 1344 1344 1344 1344 1347 1351 1357 1365 1374 1385 1397 1411 1427 1443 1462 1481 1502 1524 1547 1572 1597 1624 1651 1680 1709 1739 1770 1801 1834 1867 1900 1934 1969 2005 
1973 1937 1901 1867 1832 1799 1766 1733 1702 1671 1641 1612 1584 1557 1531 1506 1482 1459 1438 1418 1399 1382 1366 1351 1338 1327 1318 1310 1303 1299 1296 1296 1296 1296 1299 1303 1310 1318 1327 1338 1351 1366 1382 1399 1418 1438 1459 1482 1506 1531 1557 1584 1612 1641 1671 1702 1733 1766 1799 1832 1867 1901 1937 1973 
1942 1905 1869 1834 1799 1764 1731 1698 1666 1634 1604 1574 1545 1517 1491 1465 1440 1417 1395 1374 1355 1337 1320 1305 1292 1280 1270 1262 1256 1251 1248 1248 1248 1248 1251 1256 1262 1270 1280 1292 1305 1320 1337 1355 1374 1395 1417 1440 1465 1491 1517 1545 1574 1604 1634 1666 1698 1731 1764 1799 1834 1869 1905 1942 
1911 1874 1837 1801 1766 1731 1697 1663 1630 1598 1567 1536 1507 1478 1451 1424 1399 1375 1352 1331 1311 1292 1275 1259 1246 1234 1223 1215 1208 1203 1200 1200 1200 1200 1203 1208 1215 1223 1234 1246 1259 1275 1292 1311 1331 1352 1375 1399 1424 1451 1478 1507 1536 1567 1598 1630 1663 1697 1731 1766 1801 1837 1874 1911 
1881 1844 1806 1770 1733 1698 1663 1629 1595 1562 1530 1499 1469 1440 1411 1384 1358 1333 1310 1287 1267 1248 1230 1214 1200 1187 1176 1167 1160 1155 1152 1152 1152 1152 1155 1160 1167 1176 1187 1200 1214 1230 1248 1267 1287 1310 1333 1358 1384 1411 1440 1469 1499 1530 1562 1595 1629 1663 1698 1733 1770 1806 1844 1881 
1852 1814 1776 1739 1702 1666 1630 1595 1561 1527 1494 1463 1431 1401 1372 1344 1318 1292 1268 1245 1223 1203 1185 1168 1153 1140 1129 1120 1113 1108 1105 1104 1104 1105 1108 1113 1120 1129 1140 1153 1168 1185 1203 1223 1245 1268 1292 1318 1344 1372 1401 1431 1463 1494 1527 1561 1595 1630 1666 1702 1739 1776 1814 1852 
1824 1785 1747 1709 1671 1634 1598 1562 1527 1493 1459 1427 1395 1364 1334 1305 1278 1251 1226 1202 1180 1159 1140 1123 1108 1094 1082 1073 1065 1060 1057 1056 1056 1057 1060 1065 1073 1082 1094 1108 1123 1140 1159 1180 1202 1226 1251 1278 1305 1334 1364 1395 1427 1459 1493 1527 1562 1598 1634 1671 1709 1747 1785 1824 
1797 1757 1718 1680 1641 1604 1567 1530 1494 1459 1425 1392 1359 1327 1296 1267 1238 1211 1185 1160 1137 1116 1096 1078 1062 1048 1036 1026 1018 1012 1009 1008 1008 1009 1012 1018 1026 1036 1048 1062 1078 1096 1116 1137 1160 1185 1211 1238 1267 1296 1327 1359 1392 1425 1459 1494 1530 1567 1604 1641 1680 1718 1757 1797 
1770 1730 1690 1651 1612 1574 1536 1499 1463 1427 1392 1357 1324 1291 1259 1229 1200 1171 1144 1119 1095 1073 1052 1033 1017 1002 989 979 970 964 961 960 960 961 964 970 979 989 1002 1017 1033 1052 1073 1095 1119 1144 1171 1200 1229 1259 1291 1324 1357 1392 1427 1463 1499 1536 1574 1612 1651 1690 1730 1770 
1745 1704 1664 1624 1584 1545 1507 1469 1431 1395 1359 1324 1289 1256 1223 1192 1161 1132 1105 1078 1053 1030 1009 989 971 956 943 931 923 917 913 912 912 913 917 923 931 943 956 971 989 1009 1030 1053 1078 1105 1132 1161 1192 1223 1256 1289 1324 1359 1395 1431 1469 1507 1545 1584 1624 1664 1704 1745 
1720 1679 1638 1597 1557 1517 1478 1440 1401 1364 1327 1291 1256 1221 1188 1155 1124 1094 1065 1038 1012 988 965 945 927 910 896 885 875 869 865 864 864 865 869 875 885 896 910 927 945 965 988 1012 1038 1065 1094 1124 1155 1188 1221 1256 1291 1327 1364 1401 1440 1478 1517 1557 1597 1638 1679 1720 
1697 1655 1613 1572 1531 1491 1451 1411 1372 1334 1296 1259 1223 1188 1153 1120 1088 1057 1027 998 971 946 923 901 882 865 850 838 828 821 817 816 816 817 821 828 838 850 865 882 901 923 946 971 998 1027 1057 1088 1120 1153 1188 1223 1259 1296 1334 1372 1411 1451 1491 1531 1572 1613 1655 1697 
1674 1632 1589 1547 1506 1465 1424 1384 1344 1305 1267 1229 1192 1155 1120 1086 1052 1020 989 960 931 905 881 858 838 820 804 791 781 773 769 768 768 769 773 781 791 804 820 838 858 881 905 931 960 989 1020 1052 1086 1120 1155 1192 1229 1267 1305 1344 1384 1424 1465 1506 1547 1589 1632 1674 
1653 1609 1567 1524 1482 1440 1399 1358 1318 1278 1238 1200 1161 1124 1088 1052 1018 984 952 922 892 865 839 816 794 775 758 745 734 726 721 720 720 721 726 734 745 758 775 794 816 839 865 892 922 952 984 1018 1052 1088 1124 1161 1200 1238 1278 1318 1358 1399 1440 1482 1524 1567 1609 1653 
1632 1589 1545 1502 1459 1417 1375 1333 1292 1251 1211 1171 1132 1094 1057 1020 984 950 917 885 854 825 798 773 751 731 713 698 687 678 673 672 672 673 678 687 698 713 731 751 773 798 825 854 885 917 950 984 1020 1057 1094 1132 1171 1211 1251 1292 1333 1375 1417 1459 1502 1545 1589 1632 
1613 1569 1525 1481 1438 1395 1352 1310 1268 1226 1185 1144 1105 1065 1027 989 952 917 882 849 817 787 758 732 708 687 668 652 640 631 625 624 624 625 631 640 652 668 687 708 732 758 787 817 849 882 917 952 989 1027 1065 1105 1144 1185 1226 1268 1310 1352 1395 1438 1481 1525 1569 1613 
1595 1550 1506 1462 1418 1374 1331 1287 1245 1202 1160 1119 1078 1038 998 960 922 885 849 814 781 749 720 692 666 643 624 607 593 583 577 576 576 577 583 593 607 624 643 666 692 720 749 781 814 849 885 922 960 998 1038 1078 1119 1160 1202 1245 1287 1331 1374 1418 1462 1506 1550 1595 
1578 1533 1488 1443 1399 1355 1311 1267 1223 1180 1137 1095 1053 1012 971 931 892 854 817 781 746 713 682 652 625 601 579 561 547 536 530 528 528 530 536 547 561 579 601 625 652 682 713 746 781 817 854 892 931 971 1012 1053 1095 1137 1180 1223 1267 1311 1355 1399 1443 1488 1533 1578 
1563 1517 1472 1427 1382 1337 1292 1248 1203 1159 1116 1073 1030 988 946 905 865 825 787 749 713 678 645 614 585 559 536 516 501 489 482 480 480 482 489 501 516 536 559 585 614 645 678 713 749 787 825 865 905 946 988 1030 1073 1116 1159 1203 1248 1292 1337 1382 1427 1472 1517 1563 
1549 1503 1457 1411 1366 1320 1275 1230 1185 1140 1096 1052 1009 965 923 881 839 798 758 720 682 645 610 577 547 519 494 472 455 442 434 432 432 434 442 455 472 494 519 547 577 610 645 682 720 758 798 839 881 923 965 1009 1052 1096 1140 1185 1230 1275 1320 1366 1411 1457 1503 1549 
1536 1490 1443 1397 1351 1305 1259 1214 1168 1123 1078 1033 989 945 901 858 816 773 732 692 652 614 577 543 510 480 452 429 410 395 386 384 384 386 395 410 429 452 480 510 543 577 614 652 692 732 773 816 858 901 945 989 1033 1078 1123 1168 1214 1259 1305 1351 1397 1443 1490 1536 
1525 1478 1431 1385 1338 1292 1246 1200 1153 1108 1062 1017 971 927 882 838 794 751 708 666 625 585 547 510 475 442 412 386 365 349 339 336 336 339 349 365 386 412 442 475 510 547 585 625 666 708 751 794 838 882 927 971 1017 1062 1108 1153 1200 1246 1292 1338 1385 1431 1478 1525 
1515 1468 1421 1374 1327 1280 1234 1187 1140 1094 1048 1002 956 910 865 820 775 731 687 643 601 559 519 480 442 407 374 346 321 303 291 288 288 291 303 321 346 374 407 442 480 519 559 601 643 687 731 775 820 865 910 956 1002 1048 1094 1140 1187 1234 1280 1327 1374 1421 1468 1515 
1507 1459 1412 1365 1318 1270 1223 1176 1129 1082 1036 989 943 896 850 804 758 713 668 624 579 536 494 452 412 374 339 307 279 258 244 240 240 244 258 279 307 339 374 412 452 494 536 579 624 668 713 758 804 850 896 943 989 1036 1082 1129 1176 1223 1270 1318 1365 1412 1459 1507 
1500 1452 1405 1357 1310 1262 1215 1167 1120 1073 1026 979 931 885 838 791 745 698 652 607 561 516 472 429 386 346 307 271 240 214 197 192 192 197 214 240 271 307 346 386 429 472 516 561 607 652 698 745 791 838 885 931 979 1026 1073 1120 1167 1215 1262 1310 1357 1405 1452 1500 
1494 1447 1399 1351 1303 1256 1208 1160 1113 1065 1018 970 923 875 828 781 734 687 640 593 547 501 455 410 365 321 279 240 203 173 151 144 144 151 173 203 240 279 321 365 410 455 501 547 593 640 687 734 781 828 875 923 970 1018 1065 1113 1160 1208 1256 1303 1351 1399 1447 1494 
1491 1443 1395 1347 1299 1251 1203 1155 1108 1060 1012 964 917 869 821 773 726 678 631 583 536 489 442 395 349 303 258 214 173 135 107 96 96 107 135 173 214 258 303 349 395 442 489 536 583 631 678 726 773 821 869 917 964 1012 1060 1108 1155 1203 1251 1299 1347 1395 1443 1491 
1488 1440 1392 1344 1296 1248 1200 1152 1105 1057 1009 961 913 865 817 769 721 673 625 577 530 482 434 386 339 291 244 197 151 107 67 48 48 67 107 151 197 244 291 339 386 434 482 530 577 625 673 721 769 817 865 913 961 1009 1057 1105 1152 1200 1248 1296 1344 1392 1440 1488 
1488 1440 1392 1344 1296 1248 1200 1152 1104 1056 1008 960 912 864 816 768 720 672 624 576 528 480 432 384 336 288 240 192 144 96 48 128 128 48 96 144 192 240 288 336 384 432 480 528 576 624 672 720 768 816 864 912 960 1008 1056 1104 1152 1200 1248 1296 1344 1392 1440 1488 
1488 1440 1392 1344 1296 1248 1200 1152 1104 1056 1008 960 912 864 816 768 720 672 624 576 528 480 432 384 336 288 240 192 144 96 48 128 128 48 96 144 192 240 288 336 384 432 480 528 576 624 672 720 768 816 864 912 960 1008 1056 1104 1152 1200 1248 1296 1344 1392 1440 1488 
1488 1440 1392 1344 1296 1248 1200 1152 1105 1057 1009 961 913 865 817 769 721 673 625 577 530 482 434 386 339 291 244 197 151 107 67 48 48 67 107 151 197 244 291 339 386 434 482 530 577 625 673 721 769 817 865 913 961 1009 1057 1105 1152 1200 1248 1296 1344 1392 1440 1488 
1491 1443 1395 1347 1299 1251 1203 1155 1108 1060 1012 964 917 869 821 773 726 678 631 583 536 489 442 395 349 303 258 214 173 135 107 96 96 107 135 173 214 258 303 349 395 442 489 536 583 631 678 726 773 821 869 917 964 1012 1060 1108 1155 1203 1251 1299 1347 1395 1443 1491 
1494 1447 1399 1351 1303 1256 1208 1160 1113 1065 1018 970 923 875 828 781 734 687 640 593 547 501 455 410 365 321 279 240 203 173 151 144 144 151 173 203 240 279 321 365 410 455 501 547 593 640 687 734 781 828 875 923 970 1018 1065 1113 1160 1208 1256 1303 1351 1399 1447 1494 
1500 1452 1405 1357 1310 1262 1215 1167 1120 1073 1026 979 931 885 838 791 745 698 652 607 561 516 472 429 386 346 307 271 240 214 197 192 192 197 214 240 271 307 346 386 429 472 516 561 607 652 698 745 791 838 885 931 979 1026 1073 1120 1167 1215 1262 1310 1357 1405 1452 1500 
1507 1459 1412 1365 1318 1270 1223 1176 1129 1082 1036 989 943 896 850 804 758 713 668 624 579 536 494 452 412 374 339 307 279 258 244 240 240 244 258 279 307 339 374 412 452 494 536 579 624 668 713 758 804 850 896 943 989 1036 1082 1129 1176 1223 1270 1318 1365 1412 1459 1507 
1515 1468 1421 1374 1327 1280 1234 1187 1140 1094 1048 1002 956 910 865 820 775 731 687 643 601 559 519 480 442 407 374 346 321 303 291 288 288 291 303 321 346 374 407 442 480 519 559 601 643 687 731 775 820 865 910 956 1002 1048 1094 1140 1187 1234 1280 1327 1374 1421 1468 1515 
1525 1478 1431 1385 1338 1292 1246 1200 1153 1108 1062 1017 971 927 882 838 794 751 708 666 625 585 547 510 475 442 412 386 365 349 339 336 336 339 349 365 386 412 442 475 510 547 585 625 666 708 751 794 838 882 927 971 1017 1062 1108 1153 1200 1246 1292 1338 1385 1431 1478 1525 
1536 1490 1443 1397 1351 1305 1259 1214 1168 1123 1078 1033 989 945 901 858 816 773 732 692 652 614 577 543 510 480 452 429 410 395 386 384 384 386 395 410 429 452 480 510 543 577 614 652 692 732 773 816 858 901 945 989 1033 1078 1123 1168 1214 1259 1305 1351 1397 1443 1490 1536 
1549 1503 1457 1411 1366 1320 1275 1230 1185 1140 1096 1052 1009 965 923 881 839 798 758 720 682 645 610 577 547 519 494 472 455 442 434 432 432 434 442 455 472 494 519 547 577 610 645 682 720 758 798 839 881 923 965 1009 1052 1096 1140 1185 1230 1275 1320 1366 1411 1457 1503 1549 
1563 1517 1472 1427 1382 1337 1292 1248 1203 1159 1116 1073 1030 988 946 905 865 825 787 749 713 678 645 614 585 559 536 516 501 489 482 480 480 482 489 501 516 536 559 585 614 645 678 713 749 787 825 865 905 946 988 1030 1073 1116 1159 1203 1248 1292 1337 1382 1427 1472 1517 1563 
1578 1533 1488 1443 1399 1355 1311 1267 1223 1180 1137 1095 1053 1012 971 931 892 854 817 781 746 713 682 652 625 601 579 561 547 536 530 528 528 530 536 547 561 579 601 625 652 682 713 746 781 817 854 892 931 971 1012 1053 1095 1137 1180 1223 1267 1311 1355 1399 1443 1488 1533 1578 
1595 1550 1506 1462 1418 1374 1331 1287 1245 1202 1160 1119 1078 1038 998 960 922 885 849 814 781 749 720 692 666 643 624 607 593 583 577 576 576 577 583 593 607 624 643 666 692 720 749 781 814 849 885 922 960 998 1038 1078 1119 1160 1202 1245 1287 1331 1374 1418 1462 1506 1550 1595 
1613 1569 1525 1481 1438 1395 1352 1310 1268 1226 1185 1144 1105 1065 1027 989 952 917 882 849 817 787 758 732 708 687 668 652 640 631 625 624 624 625 631 640 652 668 687 708 732 758 787 817 849 882 917 952 989 1027 1065 1105 1144 1185 1226 1268 1310 1352 1395 1438 1481 1525 1569 1613 
1632 1589 1545 1502 1459 1417 1375 1333 1292 1251 1211 1171 1132 1094 1057 1020 984 950 917 885 854 825 798 773 751 731 713 698 687 678 673 672 672 673 678 687 698 713 731 751 773 798 825 854 885 917 950 984 1020 1057 1094 1132 1171 1211 1251 1292 1333 1375 1417 1459 1502 1545 1589 1632 
1653 1609 1567 1524 1482 1440 1399 1358 1318 1278 1238 1200 1161 1124 1088 1052 1018 984 952 922 892 865 839 816 794 775 758 745 734 726 721 720 720 721 726 734 745 758 775 794 816 839 865 892 922 952 984 1018 1052 1088 1124 1161 1200 1238 1278 1318 1358 1399 1440 1482 1524 1567 1609 1653 
1674 1632 1589 1547 1506 1465 1424 1384 1344 1305 1267 1229 1192 1155 1120 1086 1052 1020 989 960 931 905 881 858 838 820 804 791 781 773 769 768 768 769 773 781 791 804 820 838 858 881 905 931 960 989 1020 1052 1086 1120 1155 1192 1229 1267 1305 1344 1384 1424 1465 1506 1547 1589 1632 1674 
1697 1655 1613 1572 1531 1491 1451 1411 1372 1334 1296 1259 1223 1188 1153 1120 1088 1057 1027 998 971 946 923 901 882 865 850 838 828 821 817 816 816 817 821 828 838 850 865 882 901 923 946 971 998 1027 1057 1088 1120 1153 1188 1223 1259 1296 1334 1372 1411 1451 1491 1531 1572 1613 1655 1697 
1720 1679 1638 1597 1557 1517 1478 1440 1401 1364 1327 1291 1256 1221 1188 1155 1124 1094 1065 1038 1012 988 965 945 927 910 896 885 875 869 865 864 864 865 869 875 885 896 910 927 945 965 988 1012 1038 1065 1094 1124 1155 1188 1221 1256 1291 1327 1364 1401 1440 1478 1517 1557 1597 1638 1679 1720 
1745 1704 1664 1624 1584 1545 1507 1469 1431 1395 1359 1324 1289 1256 1223 1192 1161 1132 1105 1078 1053 1030 1009 989 971 956 943 931 923 917 913 912 912 913 917 923 931 943 956 971 989 1009 1030 1053 1078 1105 1132 1161 1192 1223 1256 1289 1324 1359 1395 1431 1469 1507 1545 1584 1624 1664 1704 1745 
1770 1730 1690 1651 1612 1574 1536 1499 1463 1427 1392 1357 1324 1291 1259 1229 1200 1171 1144 1119 1095 1073 1052 1033 1017 1002 989 979 970 964 961 960 960 961 964 970 979 989 1002 1017 1033 1052 1073 1095 1119 1144 1171 1200 1229 1259 1291 1324 1357 1392 1427 1463 1499 1536 1574 1612 1651 1690 1730 1770 
1797 1757 1718 1680 1641 1604 1567 1530 1494 1459 1425 1392 1359 1327 1296 1267 1238 1211 1185 1160 1137 1116 1096 1078 1062 1048 1036 1026 1018 1012 1009 1008 1008 1009 1012 1018 1026 1036 1048 1062 1078 1096 1116 1137 1160 1185 1211 1238 1267 1296 1327 1359 1392 1425 1459 1494 1530 1567 1604 1641 1680 1718 1757 1797 
1824 1785 1747 1709 1671 1634 1598 1562 1527 1493 1459 1427 1395 1364 1334 1305 1278 1251 1226 1202 1180 1159 1140 1123 1108 1094 1082 1073 1065 1060 1057 1056 1056 1057 1060 1065 1073 1082 1094 1108 1123 1140 1159 1180 1202 1226 1251 1278 1305 1334 1364 1395 1427 1459 1493 1527 1562 1598 1634 1671 1709 1747 1785 1824 
1852 1814 1776 1739 1702 1666 1630 1595 1561 1527 1494 1463 1431 1401 1372 1344 1318 1292 1268 1245 1223 1203 1185 1168 1153 1140 1129 1120 1113 1108 1105 1104 1104 1105 1108 1113 1120 1129 1140 1153 1168 1185 1203 1223 1245 1268 1292 1318 1344 1372 1401 1431 1463 1494 1527 1561 1595 1630 1666 1702 1739 1776 1814 1852 
1881 1844 1806 1770 1733 1698 1663 1629 1595 1562 1530 1499 1469 1440 1411 1384 1358 1333 1310 1287 1267 1248 1230 1214 1200 1187 1176 1167 1160 1155 1152 1152 1152 1152 1155 1160 1167 1176 1187 1200 1214 1230 1248 1267 1287 1310 1333 1358 1384 1411 1440 1469 1499 1530 1562 1595 1629 1663 1698 1733 1770 1806 1844 1881 
1911 1874 1837 1801 1766 1731 1697 1663 1630 1598 1567 1536 1507 1478 1451 1424 1399 1375 1352 1331 1311 1292 1275 1259 1246 1234 1223 1215 1208 1203 1200 1200 1200 1200 1203 1208 1215 1223 1234 1246 1259 1275 1292 1311 1331 1352 1375 1399 1424 1451 1478 1507 1536 1567 1598 1630 1663 1697 1731 1766 1801 1837 1874 1911 
1942 1905 1869 1834 1799 1764 1731 1698 1666 1634 1604 1574 1545 1517 1491 1465 1440 1417 1395 1374 1355 1337 1320 1305 1292 1280 1270 1262 1256 1251 1248 1248 1248 1248 1251 1256 1262 1270 1280 1292 1305 1320 1337 1355 1374 1395 1417 1440 1465 1491 1517 1545 1574 1604 1634 1666 1698 1731 1764 1799 1834 1869 1905 1942 
1973 1937 1901 1867 1832 1799 1766 1733 1702 1671 1641 1612 1584 1557 1531 1506 1482 1459 1438 1418 1399 1382 1366 1351 1338 1327 1318 1310 1303 1299 1296 1296 1296 1296 1299 1303 1310 1318 1327 1338 1351 1366 1382 1399 1418 1438 1459 1482 1506 1531 1557 1584 1612 1641 1671 1702 1733 1766 1799 1832 1867 1901 1937 1973 
2005 1969 1934 1900 1867 1834 1801 1770 1739 1709 1680 1651 1624 1597 1572 1547 1524 1502 1481 1462 1443 1427 1411 1397 1385 1374 1365 1357 1351 1347 1344 1344 1344 1344 1347 1351 1357 1365 1374 1385 1397 1411 1427 1443 1462 1481 1502 1524 1547 1572 1597 1624 1651 1680 1709 1739 1770 1801 1834 1867 1900 1934 1969 2005 
2037 2002 1968 1934 1901 1869 1837 1806 1776 1747 1718 1690 1664 1638 1613 1589 1567 1545 1525 1506 1488 1472 1457 1443 1431 1421 1412 1405 1399 1395 1392 1392 1392 1392 1395 1399 1405 1412 1421 1431 1443 1457 1472 1488 1506 1525 1545 1567 1589 1613 1638 1664 1690 1718 1747 1776 1806 1837 1869 1901 1934 1968 2002 2037 
2070 2036 2002 1969 1937 1905 1874 1844 1814 1785 1757 1730 1704 1679 1655 1632 1609 1589 1569 1550 1533 1517 1503 1490 1478 1468 1459 1452 1447 1443 1440 1440 1440 1440 1443 1447 1452 1459 1468 1478 1490 1503 1517 1533 1550 1569 1589 1609 1632 1655 1679 1704 1730 1757 1785 1814 1844 1874 1905 1937 1969 2002 2036 2070 
2104 2070 2037 2005 1973 1942 1911 1881 1852 1824 1797 1770 1745 1720 1697 1674 1653 1632 1613 1595 1578 1563 1549 1536 1525 1515 1507 1500 1494 1491 1488 1488 1488 1488 1491 1494 1500 1507 1515 1525 1536 1549 1563 1578 1595 1613 1632 1653 1674 1697 1720 1745 1770 1797 1824 1852 1881 1911 1942 1973 2005 2037 2070 2104 
