8421504 8421504 8421504 8421504 8421504 8421504 8421504 8421504 8421504 8421504 8421504 8421504 8421504 8421504 8421504 8421504 8421504 8421504 8421504 8421504 8421504 8421504 8421504 8421504 8421504 8421504 8421504 8421504 8421504 8421504 8421504 8421504 8421504 8421504 8421504 8421504 8421504 8421504 8421504 8421504 8421504 8421504 8421504 8421504 8421504 8421504 8421504 8421504 8421504 8421504 8421504 8421504 8421504 8421504 8421504 8421504 8421504 8421504 8421504 8421504 8421504 8421504 8421504 8421504 
8421504 8396800 8396800 8396800 8396800 8396800 8396800 8396800 8396800 8396800 8396800 8396800 8396800 8396800 8396800 8396800 8396800 8396800 8396800 8396800 8396800 8421504 8421504 8396800 8396800 8396800 8396800 8396800 8396800 8396800 8396800 8396800 8396800 8396800 8396800 8396800 8396800 8396800 8396800 8396800 8396800 8421504 8421504 8396800 8396800 8396800 8396800 8396800 8396800 8396800 8396800 8396800 8396800 8396800 8396800 8396800 8396800 8396800 8396800 8396800 8396800 8396800 8396800 8421504 
8421504 8396800 8396800 8396800 8396800 8396800 8396800 8396800 8396800 8396800 8396800 8396800 8396800 8396800 8396800 8396800 8396800 8396800 8396800 8396800 8396800 8421504 8421504 8396800 8396800 8396800 8396800 8396800 8396800 8396800 8396800 8396800 8396800 8396800 8396800 8396800 8396800 8396800 8396800 8396800 8396800 8421504 8421504 8396800 8396800 8396800 8396800 8396800 8396800 8396800 8396800 8396800 8396800 8396800 8396800 8396800 8396800 8396800 8396800 8396800 8396800 8396800 8396800 8421504 
8421504 8396800 8396800 8396800 8396800 8396800 8396800 8396800 8396800 8396800 8396800 8396800 8396800 8396800 8396800 8396800 8396800 8396800 8396800 8396800 8396800 8421504 8421504 8396800 8396800 8396800 8396800 8396800 8396800 8396800 8396800 8396800 8396800 8396800 8396800 8396800 8396800 8396800 8396800 8396800 8396800 8421504 8421504 8396800 8396800 8396800 8396800 8396800 8396800 8396800 8396800 8396800 8396800 8396800 8396800 8396800 8396800 8396800 8396800 8396800 8396800 8396800 8396800 8421504 
8421504 8396800 8396800 8396800 8396800 8396800 8396800 8396800 8396800 8396800 8396800 8396800 8396800 8396800 8396800 8396800 8396800 8396800 8396800 8396800 8396800 8421504 8421504 8396800 8396800 8396800 8396800 8396800 8396800 8396800 8396800 8396800 8396800 8396800 8396800 8396800 8396800 8396800 8396800 8396800 8396800 8421504 8421504 8396800 8396800 8396800 8396800 8396800 8396800 8396800 8396800 8396800 8396800 8396800 8396800 8396800 8396800 8396800 8396800 8396800 8396800 8396800 8396800 8421504 
8421504 8396800 8396800 8396800 8396800 8396800 8396800 8396800 8396800 8396800 8396800 8396800 8396800 8396800 8396800 8396800 8396800 8396800 8396800 8396800 8396800 8421504 8421504 8396800 8396800 8396800 8396800 8396800 8396800 8396800 8396800 8396800 8396800 8396800 8396800 8396800 8396800 8396800 8396800 8396800 8396800 8421504 8421504 8396800 8396800 8396800 8396800 8396800 8396800 8396800 8396800 8396800 8396800 8396800 8396800 8396800 8396800 8396800 8396800 8396800 8396800 8396800 8396800 8421504 
8421504 8396800 8396800 8396800 8396800 8396800 8396800 8396800 8396800 8396800 8396800 8396800 8396800 8396800 8396800 8396800 8396800 8396800 8396800 8396800 8396800 8421504 8421504 8396800 8396800 8396800 8396800 8396800 8396800 8396800 8396800 8396800 8396800 8396800 8396800 8396800 8396800 8396800 8396800 8396800 8396800 8421504 8421504 8396800 8396800 8396800 8396800 8396800 8396800 8396800 8396800 8396800 8396800 8396800 8396800 8396800 8396800 8396800 8396800 8396800 8396800 8396800 8396800 8421504 
8421504 8396800 8396800 8396800 8396800 8396800 8396800 8396800 8396800 8396800 8396800 8396800 8396800 8396800 8396800 8396800 8396800 8396800 8396800 8396800 8396800 8421504 8421504 8396800 8396800 8396800 8396800 8396800 8396800 8396800 8396800 8396800 8396800 8396800 8396800 8396800 8396800 8396800 8396800 8396800 8396800 8421504 8421504 8396800 8396800 8396800 8396800 8396800 8396800 8396800 8396800 8396800 8396800 8396800 8396800 8396800 8396800 8396800 8396800 8396800 8396800 8396800 8396800 8421504 
8421504 8421504 8421504 8421504 8421504 8421504 8421504 8421504 8421504 8421504 8421504 8421504 8421504 8421504 8421504 8421504 8421504 8421504 8421504 8421504 8421504 8421504 8421504 8421504 8421504 8421504 8421504 8421504 8421504 8421504 8421504 8421504 8421504 8421504 8421504 8421504 8421504 8421504 8421504 8421504 8421504 8421504 8421504 8421504 8421504 8421504 8421504 8421504 8421504 8421504 8421504 8421504 8421504 8421504 8421504 8421504 8421504 8421504 8421504 8421504 8421504 8421504 8421504 8421504 
8396800 8396800 8396800 8396800 8396800 8396800 8396800 8396800 8396800 8396800 8396800 8421504 8421504 8396800 8396800 8396800 8396800 8396800 8396800 8396800 8396800 8396800 8396800 8396800 8396800 8396800 8396800 8396800 8396800 8396800 8396800 8421504 8421504 8396800 8396800 8396800 8396800 8396800 8396800 8396800 8396800 8396800 8396800 8396800 8396800 8396800 8396800 8396800 8396800 8396800 8396800 8421504 8421504 8396800 8396800 8396800 8396800 8396800 8396800 8396800 8396800 8396800 8396800 8396800 
8396800 8396800 8396800 8396800 8396800 8396800 8396800 8396800 8396800 8396800 8396800 8421504 8421504 8396800 8396800 8396800 8396800 8396800 8396800 8396800 8396800 8396800 8396800 8396800 8396800 8396800 8396800 8396800 8396800 8396800 8396800 8421504 8421504 8396800 8396800 8396800 8396800 8396800 8396800 8396800 8396800 8396800 8396800 8396800 8396800 8396800 8396800 8396800 8396800 8396800 8396800 8421504 8421504 8396800 8396800 8396800 8396800 8396800 8396800 8396800 8396800 8396800 8396800 8396800 
8396800 8396800 8396800 8396800 8396800 8396800 8396800 8396800 8396800 8396800 8396800 8421504 8421504 8396800 8396800 8396800 8396800 8396800 8396800 8396800 8396800 8396800 8396800 8396800 8396800 8396800 8396800 8396800 8396800 8396800 8396800 8421504 8421504 8396800 8396800 8396800 8396800 8396800 8396800 8396800 8396800 8396800 8396800 8396800 8396800 8396800 8396800 8396800 8396800 8396800 8396800 8421504 8421504 8396800 8396800 8396800 8396800 8396800 8396800 8396800 8396800 8396800 8396800 8396800 
8396800 8396800 8396800 8396800 8396800 8396800 8396800 8396800 8396800 8396800 8396800 8421504 8421504 8396800 8396800 8396800 8396800 8396800 8396800 8396800 8396800 8396800 8396800 8396800 8396800 8396800 8396800 8396800 8396800 8396800 8396800 8421504 8421504 8396800 8396800 8396800 8396800 8396800 8396800 8396800 8396800 8396800 8396800 8396800 8396800 8396800 8396800 8396800 8396800 8396800 8396800 8421504 8421504 8396800 8396800 8396800 8396800 8396800 8396800 8396800 8396800 8396800 8396800 8396800 
8396800 8396800 8396800 8396800 8396800 8396800 8396800 8396800 8396800 8396800 8396800 8421504 8421504 8396800 8396800 8396800 8396800 8396800 8396800 8396800 8396800 8396800 8396800 8396800 8396800 8396800 8396800 8396800 8396800 8396800 8396800 8421504 8421504 8396800 8396800 8396800 8396800 8396800 8396800 8396800 8396800 8396800 8396800 8396800 8396800 8396800 8396800 8396800 8396800 8396800 8396800 8421504 8421504 8396800 8396800 8396800 8396800 8396800 8396800 8396800 8396800 8396800 8396800 8396800 
8396800 8396800 8396800 8396800 8396800 8396800 8396800 8396800 8396800 8396800 8396800 8421504 8421504 8396800 8396800 8396800 8396800 8396800 8396800 8396800 8396800 8396800 8396800 8396800 8396800 8396800 8396800 8396800 8396800 8396800 8396800 8421504 8421504 8396800 8396800 8396800 8396800 8396800 8396800 8396800 8396800 8396800 8396800 8396800 8396800 8396800 8396800 8396800 8396800 8396800 8396800 8421504 8421504 8396800 8396800 8396800 8396800 8396800 8396800 8396800 8396800 8396800 8396800 8396800 
8396800 8396800 8396800 8396800 8396800 8396800 8396800 8396800 8396800 8396800 8396800 8421504 8421504 8396800 8396800 8396800 8396800 8396800 8396800 8396800 8396800 8396800 8396800 8396800 8396800 8396800 8396800 8396800 8396800 8396800 8396800 8421504 8421504 8396800 8396800 8396800 8396800 8396800 8396800 8396800 8396800 8396800 8396800 8396800 8396800 8396800 8396800 8396800 8396800 8396800 8396800 8421504 8421504 8396800 8396800 8396800 8396800 8396800 8396800 8396800 8396800 8396800 8396800 8396800 
8421504 8421504 8421504 8421504 8421504 8421504 8421504 8421504 8421504 8421504 8421504 8421504 8421504 8421504 8421504 8421504 8421504 8421504 8421504 8421504 8421504 8421504 8421504 8421504 8421504 8421504 8421504 8421504 8421504 8421504 8421504 8421504 8421504 8421504 8421504 8421504 8421504 8421504 8421504 8421504 8421504 8421504 8421504 8421504 8421504 8421504 8421504 8421504 8421504 8421504 8421504 8421504 8421504 8421504 8421504 8421504 8421504 8421504 8421504 8421504 8421504 8421504 8421504 8421504 
8421504 8396800 8396800 8396800 8396800 8396800 8396800 8396800 8396800 8396800 8396800 8396800 8396800 8396800 8396800 8396800 8396800 8396800 8396800 8396800 8396800 8421504 8421504 8396800 8396800 8396800 8396800 8396800 8396800 8396800 8396800 8396800 8396800 8396800 8396800 8396800 8396800 8396800 8396800 8396800 8396800 8421504 8421504 8396800 8396800 8396800 8396800 8396800 8396800 8396800 8396800 8396800 8396800 8396800 8396800 8396800 8396800 8396800 8396800 8396800 8396800 8396800 8396800 8421504 
8421504 8396800 8396800 8396800 8396800 8396800 8396800 8396800 8396800 8396800 8396800 8396800 8396800 8396800 8396800 8396800 8396800 8396800 8396800 8396800 8396800 8421504 8421504 8396800 8396800 8396800 8396800 8396800 8396800 8396800 8396800 8396800 8396800 8396800 8396800 8396800 8396800 8396800 8396800 8396800 8396800 8421504 8421504 8396800 8396800 8396800 8396800 8396800 8396800 8396800 8396800 8396800 8396800 8396800 8396800 8396800 8396800 8396800 8396800 8396800 8396800 8396800 8396800 8421504 
8421504 8396800 8396800 8396800 8396800 8396800 8396800 8396800 8396800 8396800 8396800 8396800 8396800 8396800 8396800 8396800 8396800 8396800 8396800 8396800 8396800 8421504 8421504 8396800 8396800 8396800 8396800 8396800 8396800 8396800 8396800 8396800 8396800 8396800 8396800 8396800 8396800 8396800 8396800 8396800 8396800 8421504 8421504 8396800 8396800 8396800 8396800 8396800 8396800 8396800 8396800 8396800 8396800 8396800 8396800 8396800 8396800 8396800 8396800 8396800 8396800 8396800 8396800 8421504 
8421504 8396800 8396800 8396800 8396800 8396800 8396800 8396800 8396800 8396800 8396800 8396800 8396800 8396800 8396800 8396800 8396800 8396800 8396800 8396800 8396800 8421504 8421504 8396800 8396800 8396800 8396800 8396800 8396800 8396800 8396800 8396800 8396800 8396800 8396800 8396800 8396800 8396800 8396800 8396800 8396800 8421504 8421504 8396800 8396800 8396800 8396800 8396800 8396800 8396800 8396800 8396800 8396800 8396800 8396800 8396800 8396800 8396800 8396800 8396800 8396800 8396800 8396800 8421504 
8421504 8396800 8396800 8396800 8396800 8396800 8396800 8396800 8396800 8396800 8396800 8396800 8396800 8396800 8396800 8396800 8396800 8396800 8396800 8396800 8396800 8421504 8421504 8396800 8396800 8396800 8396800 8396800 8396800 8396800 8396800 8396800 8396800 8396800 8396800 8396800 8396800 8396800 8396800 8396800 8396800 8421504 8421504 8396800 8396800 8396800 8396800 8396800 8396800 8396800 8396800 8396800 8396800 8396800 8396800 8396800 8396800 8396800 8396800 8396800 8396800 8396800 8396800 8421504 
8421504 8396800 8396800 8396800 8396800 8396800 8396800 8396800 8396800 8396800 8396800 8396800 8396800 8396800 8396800 8396800 8396800 8396800 8396800 8396800 8396800 8421504 8421504 8396800 8396800 8396800 8396800 8396800 8396800 8396800 8396800 8396800 8396800 8396800 8396800 8396800 8396800 8396800 8396800 8396800 8396800 8421504 8421504 8396800 8396800 8396800 8396800 8396800 8396800 8396800 8396800 8396800 8396800 8396800 8396800 8396800 8396800 8396800 8396800 8396800 8396800 8396800 8396800 8421504 
8421504 8396800 8396800 8396800 8396800 8396800 8396800 8396800 8396800 8396800 8396800 8396800 8396800 8396800 8396800 8396800 8396800 8396800 8396800 8396800 8396800 8421504 8421504 8396800 8396800 8396800 8396800 8396800 8396800 8396800 8396800 8396800 8396800 8396800 8396800 8396800 8396800 8396800 8396800 8396800 8396800 8421504 8421504 8396800 8396800 8396800 8396800 8396800 8396800 8396800 8396800 8396800 8396800 8396800 8396800 8396800 8396800 8396800 8396800 8396800 8396800 8396800 8396800 8421504 
8421504 8421504 8421504 8421504 8421504 8421504 8421504 8421504 8421504 8421504 8421504 8421504 8421504 8421504 8421504 8421504 8421504 8421504 8421504 8421504 8421504 8421504 8421504 8421504 8421504 8421504 8421504 8421504 8421504 8421504 8421504 8421504 8421504 8421504 8421504 8421504 8421504 8421504 8421504 8421504 8421504 8421504 8421504 8421504 8421504 8421504 8421504 8421504 8421504 8421504 8421504 8421504 8421504 8421504 8421504 8421504 8421504 8421504 8421504 8421504 8421504 8421504 8421504 8421504 
8396800 8396800 8396800 8396800 8396800 8396800 8396800 8396800 8396800 8396800 8396800 8421504 8421504 8396800 8396800 8396800 8396800 8396800 8396800 8396800 8396800 8396800 8396800 8396800 8396800 8396800 8396800 8396800 8396800 8396800 8396800 8421504 8421504 8396800 8396800 8396800 8396800 8396800 8396800 8396800 8396800 8396800 8396800 8396800 8396800 8396800 8396800 8396800 8396800 8396800 8396800 8421504 8421504 8396800 8396800 8396800 8396800 8396800 8396800 8396800 8396800 8396800 8396800 8396800 
8396800 8396800 8396800 8396800 8396800 8396800 8396800 8396800 8396800 8396800 8396800 8421504 8421504 8396800 8396800 8396800 8396800 8396800 8396800 8396800 8396800 8396800 8396800 8396800 8396800 8396800 8396800 8396800 8396800 8396800 8396800 8421504 8421504 8396800 8396800 8396800 8396800 8396800 8396800 8396800 8396800 8396800 8396800 8396800 8396800 8396800 8396800 8396800 8396800 8396800 8396800 8421504 8421504 8396800 8396800 8396800 8396800 8396800 8396800 8396800 8396800 8396800 8396800 8396800 
8396800 8396800 8396800 8396800 8396800 8396800 8396800 8396800 8396800 8396800 8396800 8421504 8421504 8396800 8396800 8396800 8396800 8396800 8396800 8396800 8396800 8396800 8396800 8396800 8396800 8396800 8396800 8396800 8396800 8396800 8396800 8421504 8421504 8396800 8396800 8396800 8396800 8396800 8396800 8396800 8396800 8396800 8396800 8396800 8396800 8396800 8396800 8396800 8396800 8396800 8396800 8421504 8421504 8396800 8396800 8396800 8396800 8396800 8396800 8396800 8396800 8396800 8396800 8396800 
8396800 8396800 8396800 8396800 8396800 8396800 8396800 8396800 8396800 8396800 8396800 8421504 8421504 8396800 8396800 8396800 8396800 8396800 8396800 8396800 8396800 8396800 8396800 8396800 8396800 8396800 8396800 8396800 8396800 8396800 8396800 8421504 8421504 8396800 8396800 8396800 8396800 8396800 8396800 8396800 8396800 8396800 8396800 8396800 8396800 8396800 8396800 8396800 8396800 8396800 8396800 8421504 8421504 8396800 8396800 8396800 8396800 8396800 8396800 8396800 8396800 8396800 8396800 8396800 
8396800 8396800 8396800 8396800 8396800 8396800 8396800 8396800 8396800 8396800 8396800 8421504 8421504 8396800 8396800 8396800 8396800 8396800 8396800 8396800 8396800 8396800 8396800 8396800 8396800 8396800 8396800 8396800 8396800 8396800 8396800 8421504 8421504 8396800 8396800 8396800 8396800 8396800 8396800 8396800 8396800 8396800 8396800 8396800 8396800 8396800 8396800 8396800 8396800 8396800 8396800 8421504 8421504 8396800 8396800 8396800 8396800 8396800 8396800 8396800 8396800 8396800 8396800 8396800 
8396800 8396800 8396800 8396800 8396800 8396800 8396800 8396800 8396800 8396800 8396800 8421504 8421504 8396800 8396800 8396800 8396800 8396800 8396800 8396800 8396800 8396800 8396800 8396800 8396800 8396800 8396800 8396800 8396800 8396800 8396800 8421504 8421504 8396800 8396800 8396800 8396800 8396800 8396800 8396800 8396800 8396800 8396800 8396800 8396800 8396800 8396800 8396800 8396800 8396800 8396800 8421504 8421504 8396800 8396800 8396800 8396800 8396800 8396800 8396800 8396800 8396800 8396800 8396800 
8396800 8396800 8396800 8396800 8396800 8396800 8396800 8396800 8396800 8396800 8396800 8421504 8421504 8396800 8396800 8396800 8396800 8396800 8396800 8396800 8396800 8396800 8396800 8396800 8396800 8396800 8396800 8396800 8396800 8396800 8396800 8421504 8421504 8396800 8396800 8396800 8396800 8396800 8396800 8396800 8396800 8396800 8396800 8396800 8396800 8396800 8396800 8396800 8396800 8396800 8396800 8421504 8421504 8396800 8396800 8396800 8396800 8396800 8396800 8396800 8396800 8396800 8396800 8396800 
8421504 8421504 8421504 8421504 8421504 8421504 8421504 8421504 8421504 8421504 8421504 8421504 8421504 8421504 8421504 8421504 8421504 8421504 8421504 8421504 8421504 8421504 8421504 8421504 8421504 8421504 8421504 8421504 8421504 8421504 8421504 8421504 8421504 8421504 8421504 8421504 8421504 8421504 8421504 8421504 8421504 8421504 8421504 8421504 8421504 8421504 8421504 8421504 8421504 8421504 8421504 8421504 8421504 8421504 8421504 8421504 8421504 8421504 8421504 8421504 8421504 8421504 8421504 8421504 
8421504 8396800 8396800 8396800 8396800 8396800 8396800 8396800 8396800 8396800 8396800 8396800 8396800 8396800 8396800 8396800 8396800 8396800 8396800 8396800 8396800 8421504 8421504 8396800 8396800 8396800 8396800 8396800 8396800 8396800 8396800 8396800 8396800 8396800 8396800 8396800 8396800 8396800 8396800 8396800 8396800 8421504 8421504 8396800 8396800 8396800 8396800 8396800 8396800 8396800 8396800 8396800 8396800 8396800 8396800 8396800 8396800 8396800 8396800 8396800 8396800 8396800 8396800 8421504 
8421504 8396800 8396800 8396800 8396800 8396800 8396800 8396800 8396800 8396800 8396800 8396800 8396800 8396800 8396800 8396800 8396800 8396800 8396800 8396800 8396800 8421504 8421504 8396800 8396800 8396800 8396800 8396800 8396800 8396800 8396800 8396800 8396800 8396800 8396800 8396800 8396800 8396800 8396800 8396800 8396800 8421504 8421504 8396800 8396800 8396800 8396800 8396800 8396800 8396800 8396800 8396800 8396800 8396800 8396800 8396800 8396800 8396800 8396800 8396800 8396800 8396800 8396800 8421504 
8421504 8396800 8396800 8396800 8396800 8396800 8396800 8396800 8396800 8396800 8396800 8396800 8396800 8396800 8396800 8396800 8396800 8396800 8396800 8396800 8396800 8421504 8421504 8396800 8396800 8396800 8396800 8396800 8396800 8396800 8396800 8396800 8396800 8396800 8396800 8396800 8396800 8396800 8396800 8396800 8396800 8421504 8421504 8396800 8396800 8396800 8396800 8396800 8396800 8396800 8396800 8396800 8396800 8396800 8396800 8396800 8396800 8396800 8396800 8396800 8396800 8396800 8396800 8421504 
8421504 8396800 8396800 8396800 8396800 8396800 8396800 8396800 8396800 8396800 8396800 8396800 8396800 8396800 8396800 8396800 8396800 8396800 8396800 8396800 8396800 8421504 8421504 8396800 8396800 8396800 8396800 8396800 8396800 8396800 8396800 8396800 8396800 8396800 8396800 8396800 8396800 8396800 8396800 8396800 8396800 8421504 8421504 8396800 8396800 8396800 8396800 8396800 8396800 8396800 8396800 8396800 8396800 8396800 8396800 8396800 8396800 8396800 8396800 8396800 8396800 8396800 8396800 8421504 
8421504 8396800 8396800 8396800 8396800 8396800 8396800 8396800 8396800 8396800 8396800 8396800 8396800 8396800 8396800 8396800 8396800 8396800 8396800 8396800 8396800 8421504 8421504 8396800 8396800 8396800 8396800 8396800 8396800 8396800 8396800 8396800 8396800 8396800 8396800 8396800 8396800 8396800 8396800 8396800 8396800 8421504 8421504 8396800 8396800 8396800 8396800 8396800 8396800 8396800 8396800 8396800 8396800 8396800 8396800 8396800 8396800 8396800 8396800 8396800 8396800 8396800 8396800 8421504 
8421504 8396800 8396800 8396800 8396800 8396800 8396800 8396800 8396800 8396800 8396800 8396800 8396800 8396800 8396800 8396800 8396800 8396800 8396800 8396800 8396800 8421504 8421504 8396800 8396800 8396800 8396800 8396800 8396800 8396800 8396800 8396800 8396800 8396800 8396800 8396800 8396800 8396800 8396800 8396800 8396800 8421504 8421504 8396800 8396800 8396800 8396800 8396800 8396800 8396800 8396800 8396800 8396800 8396800 8396800 8396800 8396800 8396800 8396800 8396800 8396800 8396800 8396800 8421504 
8421504 8396800 8396800 8396800 8396800 8396800 8396800 8396800 8396800 8396800 8396800 8396800 8396800 8396800 8396800 8396800 8396800 8396800 8396800 8396800 8396800 8421504 8421504 8396800 8396800 8396800 8396800 8396800 8396800 8396800 8396800 8396800 8396800 8396800 8396800 8396800 8396800 8396800 8396800 8396800 8396800 8421504 8421504 8396800 8396800 8396800 8396800 8396800 8396800 8396800 8396800 8396800 8396800 8396800 8396800 8396800 8396800 8396800 8396800 8396800 8396800 8396800 8396800 8421504 
8421504 8421504 8421504 8421504 8421504 8421504 8421504 8421504 8421504 8421504 8421504 8421504 8421504 8421504 8421504 8421504 8421504 8421504 8421504 8421504 8421504 8421504 8421504 8421504 8421504 8421504 8421504 8421504 8421504 8421504 8421504 8421504 8421504 8421504 8421504 8421504 8421504 8421504 8421504 8421504 8421504 8421504 8421504 8421504 8421504 8421504 8421504 8421504 8421504 8421504 8421504 8421504 8421504 8421504 8421504 8421504 8421504 8421504 8421504 8421504 8421504 8421504 8421504 8421504 
8396800 8396800 8396800 8396800 8396800 8396800 8396800 8396800 8396800 8396800 8396800 8421504 8421504 8396800 8396800 8396800 8396800 8396800 8396800 8396800 8396800 8396800 8396800 8396800 8396800 8396800 8396800 8396800 8396800 8396800 8396800 8421504 8421504 8396800 8396800 8396800 8396800 8396800 8396800 8396800 8396800 8396800 8396800 8396800 8396800 8396800 8396800 8396800 8396800 8396800 8396800 8421504 8421504 8396800 8396800 8396800 8396800 8396800 8396800 8396800 8396800 8396800 8396800 8396800 
8396800 8396800 8396800 8396800 8396800 8396800 8396800 8396800 8396800 8396800 8396800 8421504 8421504 8396800 8396800 8396800 8396800 8396800 8396800 8396800 8396800 8396800 8396800 8396800 8396800 8396800 8396800 8396800 8396800 8396800 8396800 8421504 8421504 8396800 8396800 8396800 8396800 8396800 8396800 8396800 8396800 8396800 8396800 8396800 8396800 8396800 8396800 8396800 8396800 8396800 8396800 8421504 8421504 8396800 8396800 8396800 8396800 8396800 8396800 8396800 8396800 8396800 8396800 8396800 
8396800 8396800 8396800 8396800 8396800 8396800 8396800 8396800 8396800 8396800 8396800 8421504 8421504 8396800 8396800 8396800 8396800 8396800 8396800 8396800 8396800 8396800 8396800 8396800 8396800 8396800 8396800 8396800 8396800 8396800 8396800 8421504 8421504 8396800 8396800 8396800 8396800 8396800 8396800 8396800 8396800 8396800 8396800 8396800 8396800 8396800 8396800 8396800 8396800 8396800 8396800 8421504 8421504 8396800 8396800 8396800 8396800 8396800 8396800 8396800 8396800 8396800 8396800 8396800 
8396800 8396800 8396800 8396800 8396800 8396800 8396800 8396800 8396800 8396800 8396800 8421504 8421504 8396800 8396800 8396800 8396800 8396800 8396800 8396800 8396800 8396800 8396800 8396800 8396800 8396800 8396800 8396800 8396800 8396800 8396800 8421504 8421504 8396800 8396800 8396800 8396800 8396800 8396800 8396800 8396800 8396800 8396800 8396800 8396800 8396800 8396800 8396800 8396800 8396800 8396800 8421504 8421504 8396800 8396800 8396800 8396800 8396800 8396800 8396800 8396800 8396800 8396800 8396800 
8396800 8396800 8396800 8396800 8396800 8396800 8396800 8396800 8396800 8396800 8396800 8421504 8421504 8396800 8396800 8396800 8396800 8396800 8396800 8396800 8396800 8396800 8396800 8396800 8396800 8396800 8396800 8396800 8396800 8396800 8396800 8421504 8421504 8396800 8396800 8396800 8396800 8396800 8396800 8396800 8396800 8396800 8396800 8396800 8396800 8396800 8396800 8396800 8396800 8396800 8396800 8421504 8421504 8396800 8396800 8396800 8396800 8396800 8396800 8396800 8396800 8396800 8396800 8396800 
8396800 8396800 8396800 8396800 8396800 8396800 8396800 8396800 8396800 8396800 8396800 8421504 8421504 8396800 8396800 8396800 8396800 8396800 8396800 8396800 8396800 8396800 8396800 8396800 8396800 8396800 8396800 8396800 8396800 8396800 8396800 8421504 8421504 8396800 8396800 8396800 8396800 8396800 8396800 8396800 8396800 8396800 8396800 8396800 8396800 8396800 8396800 8396800 8396800 8396800 8396800 8421504 8421504 8396800 8396800 8396800 8396800 8396800 8396800 8396800 8396800 8396800 8396800 8396800 
8396800 8396800 8396800 8396800 8396800 8396800 8396800 8396800 8396800 8396800 8396800 8421504 8421504 8396800 8396800 8396800 8396800 8396800 8396800 8396800 8396800 8396800 8396800 8396800 8396800 8396800 8396800 8396800 8396800 8396800 8396800 8421504 8421504 8396800 8396800 8396800 8396800 8396800 8396800 8396800 8396800 8396800 8396800 8396800 8396800 8396800 8396800 8396800 8396800 8396800 8396800 8421504 8421504 8396800 8396800 8396800 8396800 8396800 8396800 8396800 8396800 8396800 8396800 8396800 
8421504 8421504 8421504 8421504 8421504 8421504 8421504 8421504 8421504 8421504 8421504 8421504 8421504 8421504 8421504 8421504 8421504 8421504 8421504 8421504 8421504 8421504 8421504 8421504 8421504 8421504 8421504 8421504 8421504 8421504 8421504 8421504 8421504 8421504 8421504 8421504 8421504 8421504 8421504 8421504 8421504 8421504 8421504 8421504 8421504 8421504 8421504 8421504 8421504 8421504 8421504 8421504 8421504 8421504 8421504 8421504 8421504 8421504 8421504 8421504 8421504 8421504 8421504 8421504 
8421504 8396800 8396800 8396800 8396800 8396800 8396800 8396800 8396800 8396800 8396800 8396800 8396800 8396800 8396800 8396800 8396800 8396800 8396800 8396800 8396800 8421504 8421504 8396800 8396800 8396800 8396800 8396800 8396800 8396800 8396800 8396800 8396800 8396800 8396800 8396800 8396800 8396800 8396800 8396800 8396800 8421504 8421504 8396800 8396800 8396800 8396800 8396800 8396800 8396800 8396800 8396800 8396800 8396800 8396800 8396800 8396800 8396800 8396800 8396800 8396800 8396800 8396800 8421504 
8421504 8396800 8396800 8396800 8396800 8396800 8396800 8396800 8396800 8396800 8396800 8396800 8396800 8396800 8396800 8396800 8396800 8396800 8396800 8396800 8396800 8421504 8421504 8396800 8396800 8396800 8396800 8396800 8396800 8396800 8396800 8396800 8396800 8396800 8396800 8396800 8396800 8396800 8396800 8396800 8396800 8421504 8421504 8396800 8396800 8396800 8396800 8396800 8396800 8396800 8396800 8396800 8396800 8396800 8396800 8396800 8396800 8396800 8396800 8396800 8396800 8396800 8396800 8421504 
8421504 8396800 8396800 8396800 8396800 8396800 8396800 8396800 8396800 8396800 8396800 8396800 8396800 8396800 8396800 8396800 8396800 8396800 8396800 8396800 8396800 8421504 8421504 8396800 8396800 8396800 8396800 8396800 8396800 8396800 8396800 8396800 8396800 8396800 8396800 8396800 8396800 8396800 8396800 8396800 8396800 8421504 8421504 8396800 8396800 8396800 8396800 8396800 8396800 8396800 8396800 8396800 8396800 8396800 8396800 8396800 8396800 8396800 8396800 8396800 8396800 8396800 8396800 8421504 
8421504 8396800 8396800 8396800 8396800 8396800 8396800 8396800 8396800 8396800 8396800 8396800 8396800 8396800 8396800 8396800 8396800 8396800 8396800 8396800 8396800 8421504 8421504 8396800 8396800 8396800 8396800 8396800 8396800 8396800 8396800 8396800 8396800 8396800 8396800 8396800 8396800 8396800 8396800 8396800 8396800 8421504 8421504 8396800 8396800 8396800 8396800 8396800 8396800 8396800 8396800 8396800 8396800 8396800 8396800 8396800 8396800 8396800 8396800 8396800 8396800 8396800 8396800 8421504 
8421504 8396800 8396800 8396800 8396800 8396800 8396800 8396800 8396800 8396800 8396800 8396800 8396800 8396800 8396800 8396800 8396800 8396800 8396800 8396800 8396800 8421504 8421504 8396800 8396800 8396800 8396800 8396800 8396800 8396800 8396800 8396800 8396800 8396800 8396800 8396800 8396800 8396800 8396800 8396800 8396800 8421504 8421504 8396800 8396800 8396800 8396800 8396800 8396800 8396800 8396800 8396800 8396800 8396800 8396800 8396800 8396800 8396800 8396800 8396800 8396800 8396800 8396800 8421504 
8421504 8396800 8396800 8396800 8396800 8396800 8396800 8396800 8396800 8396800 8396800 8396800 8396800 8396800 8396800 8396800 8396800 8396800 8396800 8396800 8396800 8421504 8421504 8396800 8396800 8396800 8396800 8396800 8396800 8396800 8396800 8396800 8396800 8396800 8396800 8396800 8396800 8396800 8396800 8396800 8396800 8421504 8421504 8396800 8396800 8396800 8396800 8396800 8396800 8396800 8396800 8396800 8396800 8396800 8396800 8396800 8396800 8396800 8396800 8396800 8396800 8396800 8396800 8421504 
8421504 8396800 8396800 8396800 8396800 8396800 8396800 8396800 8396800 8396800 8396800 8396800 8396800 8396800 8396800 8396800 8396800 8396800 8396800 8396800 8396800 8421504 8421504 8396800 8396800 8396800 8396800 8396800 8396800 8396800 8396800 8396800 8396800 8396800 8396800 8396800 8396800 8396800 8396800 8396800 8396800 8421504 8421504 8396800 8396800 8396800 8396800 8396800 8396800 8396800 8396800 8396800 8396800 8396800 8396800 8396800 8396800 8396800 8396800 8396800 8396800 8396800 8396800 8421504 
8421504 8421504 8421504 8421504 8421504 8421504 8421504 8421504 8421504 8421504 8421504 8421504 8421504 8421504 8421504 8421504 8421504 8421504 8421504 8421504 8421504 8421504 8421504 8421504 8421504 8421504 8421504 8421504 8421504 8421504 8421504 8421504 8421504 8421504 8421504 8421504 8421504 8421504 8421504 8421504 8421504 8421504 8421504 8421504 8421504 8421504 8421504 8421504 8421504 8421504 8421504 8421504 8421504 8421504 8421504 8421504 8421504 8421504 8421504 8421504 8421504 8421504 8421504 8421504 
8396800 8396800 8396800 8396800 8396800 8396800 8396800 8396800 8396800 8396800 8396800 8421504 8421504 8396800 8396800 8396800 8396800 8396800 8396800 8396800 8396800 8396800 8396800 8396800 8396800 8396800 8396800 8396800 8396800 8396800 8396800 8421504 8421504 8396800 8396800 8396800 8396800 8396800 8396800 8396800 8396800 8396800 8396800 8396800 8396800 8396800 8396800 8396800 8396800 8396800 8396800 8421504 8421504 8396800 8396800 8396800 8396800 8396800 8396800 8396800 8396800 8396800 8396800 8396800 
8396800 8396800 8396800 8396800 8396800 8396800 8396800 8396800 8396800 8396800 8396800 8421504 8421504 8396800 8396800 8396800 8396800 8396800 8396800 8396800 8396800 8396800 8396800 8396800 8396800 8396800 8396800 8396800 8396800 8396800 8396800 8421504 8421504 8396800 8396800 8396800 8396800 8396800 8396800 8396800 8396800 8396800 8396800 8396800 8396800 8396800 8396800 8396800 8396800 8396800 8396800 8421504 8421504 8396800 8396800 8396800 8396800 8396800 8396800 8396800 8396800 8396800 8396800 8396800 
8396800 8396800 8396800 8396800 8396800 8396800 8396800 8396800 8396800 8396800 8396800 8421504 8421504 8396800 8396800 8396800 8396800 8396800 8396800 8396800 8396800 8396800 8396800 8396800 8396800 8396800 8396800 8396800 8396800 8396800 8396800 8421504 8421504 8396800 8396800 8396800 8396800 8396800 8396800 8396800 8396800 8396800 8396800 8396800 8396800 8396800 8396800 8396800 8396800 8396800 8396800 8421504 8421504 8396800 8396800 8396800 8396800 8396800 8396800 8396800 8396800 8396800 8396800 8396800 
8396800 8396800 8396800 8396800 8396800 8396800 8396800 8396800 8396800 8396800 8396800 8421504 8421504 8396800 8396800 8396800 8396800 8396800 8396800 8396800 8396800 8396800 8396800 8396800 8396800 8396800 8396800 8396800 8396800 8396800 8396800 8421504 8421504 8396800 8396800 8396800 8396800 8396800 8396800 8396800 8396800 8396800 8396800 8396800 8396800 8396800 8396800 8396800 8396800 8396800 8396800 8421504 8421504 8396800 8396800 8396800 8396800 8396800 8396800 8396800 8396800 8396800 8396800 8396800 
8396800 8396800 8396800 8396800 8396800 8396800 8396800 8396800 8396800 8396800 8396800 8421504 8421504 8396800 8396800 8396800 8396800 8396800 8396800 8396800 8396800 8396800 8396800 8396800 8396800 8396800 8396800 8396800 8396800 8396800 8396800 8421504 8421504 8396800 8396800 8396800 8396800 8396800 8396800 8396800 8396800 8396800 8396800 8396800 8396800 8396800 8396800 8396800 8396800 8396800 8396800 8421504 8421504 8396800 8396800 8396800 8396800 8396800 8396800 8396800 8396800 8396800 8396800 8396800 
8396800 8396800 8396800 8396800 8396800 8396800 8396800 8396800 8396800 8396800 8396800 8421504 8421504 8396800 8396800 8396800 8396800 8396800 8396800 8396800 8396800 8396800 8396800 8396800 8396800 8396800 8396800 8396800 8396800 8396800 8396800 8421504 8421504 8396800 8396800 8396800 8396800 8396800 8396800 8396800 8396800 8396800 8396800 8396800 8396800 8396800 8396800 8396800 8396800 8396800 8396800 8421504 8421504 8396800 8396800 8396800 8396800 8396800 8396800 8396800 8396800 8396800 8396800 8396800 
8396800 8396800 8396800 8396800 8396800 8396800 8396800 8396800 8396800 8396800 8396800 8421504 8421504 8396800 8396800 8396800 8396800 8396800 8396800 8396800 8396800 8396800 8396800 8396800 8396800 8396800 8396800 8396800 8396800 8396800 8396800 8421504 8421504 8396800 8396800 8396800 8396800 8396800 8396800 8396800 8396800 8396800 8396800 8396800 8396800 8396800 8396800 8396800 8396800 8396800 8396800 8421504 8421504 8396800 8396800 8396800 8396800 8396800 8396800 8396800 8396800 8396800 8396800 8396800 
