2456966 4539881 5931641 6420362 5931641 4539881 2456966 128 2456966 4539881 5931641 6420362 5931641 4539881 2456966 128 2456966 4539881 5931641 6420362 5931641 4539881 2456966 128 2456966 4539881 5931641 6420362 5931641 4539881 2456966 128 128 2456966 4539881 5931641 6420362 5931641 4539881 2456966 128 2456966 4539881 5931641 6420362 5931641 4539881 2456966 128 2456966 4539881 5931641 6420362 5931641 4539881 2456966 128 2456966 4539881 5931641 6420362 5931641 4539881 2456966 
4539881 8388607 10960243 11863282 10960243 8388607 4539881 128 4539881 8388607 10960243 11863282 10960243 8388607 4539881 128 4539881 8388607 10960243 11863282 10960243 8388607 4539881 128 4539881 8388607 10960243 11863282 10960243 8388607 4539881 128 128 4539881 8388607 10960243 11863282 10960243 8388607 4539881 128 4539881 8388607 10960243 11863282 10960243 8388607 4539881 128 4539881 8388607 10960243 11863282 10960243 8388607 4539881 128 4539881 8388607 10960243 11863282 10960243 8388607 4539881 
5931641 10960243 14320248 15500125 14320248 10960243 5931641 128 5931641 10960243 14320248 15500125 14320248 10960243 5931641 128 5931641 10960243 14320248 15500125 14320248 10960243 5931641 128 5931641 10960243 14320248 15500125 14320248 10960243 5931641 128 128 5931641 10960243 14320248 15500125 14320248 10960243 5931641 128 5931641 10960243 14320248 15500125 14320248 10960243 5931641 128 5931641 10960243 14320248 15500125 14320248 10960243 5931641 128 5931641 10960243 14320248 15500125 14320248 10960243 5931641 
6420362 11863282 15500125 16777215 15500125 11863282 6420362 128 6420362 11863282 15500125 16777215 15500125 11863282 6420362 128 6420362 11863282 15500125 16777215 15500125 11863282 6420362 128 6420362 11863282 15500125 16777215 15500125 11863282 6420362 128 128 6420362 11863282 15500125 16777215 15500125 11863282 6420362 128 6420362 11863282 15500125 16777215 15500125 11863282 6420362 128 6420362 11863282 15500125 16777215 15500125 11863282 6420362 128 6420362 11863282 15500125 16777215 15500125 11863282 6420362 
5931641 10960243 14320248 15500125 14320248 10960243 5931641 128 5931641 10960243 14320248 15500125 14320248 10960243 5931641 128 5931641 10960243 14320248 15500125 14320248 10960243 5931641 128 5931641 10960243 14320248 15500125 14320248 10960243 5931641 128 128 5931641 10960243 14320248 15500125 14320248 10960243 5931641 128 5931641 10960243 14320248 15500125 14320248 10960243 5931641 128 5931641 10960243 14320248 15500125 14320248 10960243 5931641 128 5931641 10960243 14320248 15500125 14320248 10960243 5931641 
4539881 8388607 10960243 11863282 10960243 8388607 4539881 128 4539881 8388607 10960243 11863282 10960243 8388607 4539881 128 4539881 8388607 10960243 11863282 10960243 8388607 4539881 128 4539881 8388607 10960243 11863282 10960243 8388607 4539881 128 128 4539881 8388607 10960243 11863282 10960243 8388607 4539881 128 4539881 8388607 10960243 11863282 10960243 8388607 4539881 128 4539881 8388607 10960243 11863282 10960243 8388607 4539881 128 4539881 8388607 10960243 11863282 10960243 8388607 4539881 
2456966 4539881 5931641 6420362 5931641 4539881 2456966 128 2456966 4539881 5931641 6420362 5931641 4539881 2456966 128 2456966 4539881 5931641 6420362 5931641 4539881 2456966 128 2456966 4539881 5931641 6420362 5931641 4539881 2456966 128 128 2456966 4539881 5931641 6420362 5931641 4539881 2456966 128 2456966 4539881 5931641 6420362 5931641 4539881 2456966 128 2456966 4539881 5931641 6420362 5931641 4539881 2456966 128 2456966 4539881 5931641 6420362 5931641 4539881 2456966 
128 128 128 128 128 128 128 128 128 128 128 128 128 128 128 128 128 128 128 128 128 128 128 128 128 128 128 128 128 128 128 128 128 128 128 128 128 128 128 128 128 128 128 128 128 128 128 128 128 128 128 128 128 128 128 128 128 128 128 128 128 128 128 128 
2456966 4539881 5931641 6420362 5931641 4539881 2456966 128 2456966 4539881 5931641 6420362 5931641 4539881 2456966 128 2456966 4539881 5931641 6420362 5931641 4539881 2456966 128 2456966 4539881 5931641 6420362 5931641 4539881 2456966 128 128 2456966 4539881 5931641 6420362 5931641 4539881 2456966 128 2456966 4539881 5931641 6420362 5931641 4539881 2456966 128 2456966 4539881 5931641 6420362 5931641 4539881 2456966 128 2456966 4539881 5931641 6420362 5931641 4539881 2456966 
4539881 8388607 10960243 11863282 10960243 8388607 4539881 128 4539881 8388607 10960243 11863282 10960243 8388607 4539881 128 4539881 8388607 10960243 11863282 10960243 8388607 4539881 128 4539881 8388607 10960243 11863282 10960243 8388607 4539881 128 128 4539881 8388607 10960243 11863282 10960243 8388607 4539881 128 4539881 8388607 10960243 11863282 10960243 8388607 4539881 128 4539881 8388607 10960243 11863282 10960243 8388607 4539881 128 4539881 8388607 10960243 11863282 10960243 8388607 4539881 
5931641 10960243 14320248 15500125 14320248 10960243 5931641 128 5931641 10960243 14320248 15500125 14320248 10960243 5931641 128 5931641 10960243 14320248 15500125 14320248 10960243 5931641 128 5931641 10960243 14320248 15500125 14320248 10960243 5931641 128 128 5931641 10960243 14320248 15500125 14320248 10960243 5931641 128 5931641 10960243 14320248 15500125 14320248 10960243 5931641 128 5931641 10960243 14320248 15500125 14320248 10960243 5931641 128 5931641 10960243 14320248 15500125 14320248 10960243 5931641 
6420362 11863282 15500125 16777215 15500125 11863282 6420362 128 6420362 11863282 15500125 16777215 15500125 11863282 6420362 128 6420362 11863282 15500125 16777215 15500125 11863282 6420362 128 6420362 11863282 15500125 16777215 15500125 11863282 6420362 128 128 6420362 11863282 15500125 16777215 15500125 11863282 6420362 128 6420362 11863282 15500125 16777215 15500125 11863282 6420362 128 6420362 11863282 15500125 16777215 15500125 11863282 6420362 128 6420362 11863282 15500125 16777215 15500125 11863282 6420362 
5931641 10960243 14320248 15500125 14320248 10960243 5931641 128 5931641 10960243 14320248 15500125 14320248 10960243 5931641 128 5931641 10960243 14320248 15500125 14320248 10960243 5931641 128 5931641 10960243 14320248 15500125 14320248 10960243 5931641 128 128 5931641 10960243 14320248 15500125 14320248 10960243 5931641 128 5931641 10960243 14320248 15500125 14320248 10960243 5931641 128 5931641 10960243 14320248 15500125 14320248 10960243 5931641 128 5931641 10960243 14320248 15500125 14320248 10960243 5931641 
4539881 8388607 10960243 11863282 10960243 8388607 4539881 128 4539881 8388607 10960243 11863282 10960243 8388607 4539881 128 4539881 8388607 10960243 11863282 10960243 8388607 4539881 128 4539881 8388607 10960243 11863282 10960243 8388607 4539881 128 128 4539881 8388607 10960243 11863282 10960243 8388607 4539881 128 4539881 8388607 10960243 11863282 10960243 8388607 4539881 128 4539881 8388607 10960243 11863282 10960243 8388607 4539881 128 4539881 8388607 10960243 11863282 10960243 8388607 4539881 
2456966 4539881 5931641 6420362 5931641 4539881 2456966 128 2456966 4539881 5931641 6420362 5931641 4539881 2456966 128 2456966 4539881 5931641 6420362 5931641 4539881 2456966 128 2456966 4539881 5931641 6420362 5931641 4539881 2456966 128 128 2456966 4539881 5931641 6420362 5931641 4539881 2456966 128 2456966 4539881 5931641 6420362 5931641 4539881 2456966 128 2456966 4539881 5931641 6420362 5931641 4539881 2456966 128 2456966 4539881 5931641 6420362 5931641 4539881 2456966 
128 128 128 128 128 128 128 128 128 128 128 128 128 128 128 128 128 128 128 128 128 128 128 128 128 128 128 128 128 128 128 128 128 128 128 128 128 128 128 128 128 128 128 128 128 128 128 128 128 128 128 128 128 128 128 128 128 128 128 128 128 128 128 128 
2456966 4539881 5931641 6420362 5931641 4539881 2456966 128 2456966 4539881 5931641 6420362 5931641 4539881 2456966 128 2456966 4539881 5931641 6420362 5931641 4539881 2456966 128 2456966 4539881 5931641 6420362 5931641 4539881 2456966 128 128 2456966 4539881 5931641 6420362 5931641 4539881 2456966 128 2456966 4539881 5931641 6420362 5931641 4539881 2456966 128 2456966 4539881 5931641 6420362 5931641 4539881 2456966 128 2456966 4539881 5931641 6420362 5931641 4539881 2456966 
4539881 8388607 10960243 11863282 10960243 8388607 4539881 128 4539881 8388607 10960243 11863282 10960243 8388607 4539881 128 4539881 8388607 10960243 11863282 10960243 8388607 4539881 128 4539881 8388607 10960243 11863282 10960243 8388607 4539881 128 128 4539881 8388607 10960243 11863282 10960243 8388607 4539881 128 4539881 8388607 10960243 11863282 10960243 8388607 4539881 128 4539881 8388607 10960243 11863282 10960243 8388607 4539881 128 4539881 8388607 10960243 11863282 10960243 8388607 4539881 
5931641 10960243 14320248 15500125 14320248 10960243 5931641 128 5931641 10960243 14320248 15500125 14320248 10960243 5931641 128 5931641 10960243 14320248 15500125 14320248 10960243 5931641 128 5931641 10960243 14320248 15500125 14320248 10960243 5931641 128 128 5931641 10960243 14320248 15500125 14320248 10960243 5931641 128 5931641 10960243 14320248 15500125 14320248 10960243 5931641 128 5931641 10960243 14320248 15500125 14320248 10960243 5931641 128 5931641 10960243 14320248 15500125 14320248 10960243 5931641 
6420362 11863282 15500125 16777215 15500125 11863282 6420362 128 6420362 11863282 15500125 16777215 15500125 11863282 6420362 128 6420362 11863282 15500125 16777215 15500125 11863282 6420362 128 6420362 11863282 15500125 16777215 15500125 11863282 6420362 128 128 6420362 11863282 15500125 16777215 15500125 11863282 6420362 128 6420362 11863282 15500125 16777215 15500125 11863282 6420362 128 6420362 11863282 15500125 16777215 15500125 11863282 6420362 128 6420362 11863282 15500125 16777215 15500125 11863282 6420362 
5931641 10960243 14320248 15500125 14320248 10960243 5931641 128 5931641 10960243 14320248 15500125 14320248 10960243 5931641 128 5931641 10960243 14320248 15500125 14320248 10960243 5931641 128 5931641 10960243 14320248 15500125 14320248 10960243 5931641 128 128 5931641 10960243 14320248 15500125 14320248 10960243 5931641 128 5931641 10960243 14320248 15500125 14320248 10960243 5931641 128 5931641 10960243 14320248 15500125 14320248 10960243 5931641 128 5931641 10960243 14320248 15500125 14320248 10960243 5931641 
4539881 8388607 10960243 11863282 10960243 8388607 4539881 128 4539881 8388607 10960243 11863282 10960243 8388607 4539881 128 4539881 8388607 10960243 11863282 10960243 8388607 4539881 128 4539881 8388607 10960243 11863282 10960243 8388607 4539881 128 128 4539881 8388607 10960243 11863282 10960243 8388607 4539881 128 4539881 8388607 10960243 11863282 10960243 8388607 4539881 128 4539881 8388607 10960243 11863282 10960243 8388607 4539881 128 4539881 8388607 10960243 11863282 10960243 8388607 4539881 
2456966 4539881 5931641 6420362 5931641 4539881 2456966 128 2456966 4539881 5931641 6420362 5931641 4539881 2456966 128 2456966 4539881 5931641 6420362 5931641 4539881 2456966 128 2456966 4539881 5931641 6420362 5931641 4539881 2456966 128 128 2456966 4539881 5931641 6420362 5931641 4539881 2456966 128 2456966 4539881 5931641 6420362 5931641 4539881 2456966 128 2456966 4539881 5931641 6420362 5931641 4539881 2456966 128 2456966 4539881 5931641 6420362 5931641 4539881 2456966 
128 128 128 128 128 128 128 128 128 128 128 128 128 128 128 128 128 128 128 128 128 128 128 128 128 128 128 128 128 128 128 128 128 128 128 128 128 128 128 128 128 128 128 128 128 128 128 128 128 128 128 128 128 128 128 128 128 128 128 128 128 128 128 128 
2456966 4539881 5931641 6420362 5931641 4539881 2456966 128 2456966 4539881 5931641 6420362 5931641 4539881 2456966 128 2456966 4539881 5931641 6420362 5931641 4539881 2456966 128 2456966 4539881 5931641 6420362 5931641 4539881 2456966 128 128 2456966 4539881 5931641 6420362 5931641 4539881 2456966 128 2456966 4539881 5931641 6420362 5931641 4539881 2456966 128 2456966 4539881 5931641 6420362 5931641 4539881 2456966 128 2456966 4539881 5931641 6420362 5931641 4539881 2456966 
4539881 8388607 10960243 11863282 10960243 8388607 4539881 128 4539881 8388607 10960243 11863282 10960243 8388607 4539881 128 4539881 8388607 10960243 11863282 10960243 8388607 4539881 128 4539881 8388607 10960243 11863282 10960243 8388607 4539881 128 128 4539881 8388607 10960243 11863282 10960243 8388607 4539881 128 4539881 8388607 10960243 11863282 10960243 8388607 4539881 128 4539881 8388607 10960243 11863282 10960243 8388607 4539881 128 4539881 8388607 10960243 11863282 10960243 8388607 4539881 
5931641 10960243 14320248 15500125 14320248 10960243 5931641 128 5931641 10960243 14320248 15500125 14320248 10960243 5931641 128 5931641 10960243 14320248 15500125 14320248 10960243 5931641 128 5931641 10960243 14320248 15500125 14320248 10960243 5931641 128 128 5931641 10960243 14320248 15500125 14320248 10960243 5931641 128 5931641 10960243 14320248 15500125 14320248 10960243 5931641 128 5931641 10960243 14320248 15500125 14320248 10960243 5931641 128 5931641 10960243 14320248 15500125 14320248 10960243 5931641 
6420362 11863282 15500125 16777215 15500125 11863282 6420362 128 6420362 11863282 15500125 16777215 15500125 11863282 6420362 128 6420362 11863282 15500125 16777215 15500125 11863282 6420362 128 6420362 11863282 15500125 16777215 15500125 11863282 6420362 128 128 6420362 11863282 15500125 16777215 15500125 11863282 6420362 128 6420362 11863282 15500125 16777215 15500125 11863282 6420362 128 6420362 11863282 15500125 16777215 15500125 11863282 6420362 128 6420362 11863282 15500125 16777215 15500125 11863282 6420362 
5931641 10960243 14320248 15500125 14320248 10960243 5931641 128 5931641 10960243 14320248 15500125 14320248 10960243 5931641 128 5931641 10960243 14320248 15500125 14320248 10960243 5931641 128 5931641 10960243 14320248 15500125 14320248 10960243 5931641 128 128 5931641 10960243 14320248 15500125 14320248 10960243 5931641 128 5931641 10960243 14320248 15500125 14320248 10960243 5931641 128 5931641 10960243 14320248 15500125 14320248 10960243 5931641 128 5931641 10960243 14320248 15500125 14320248 10960243 5931641 
4539881 8388607 10960243 11863282 10960243 8388607 4539881 128 4539881 8388607 10960243 11863282 10960243 8388607 4539881 128 4539881 8388607 10960243 11863282 10960243 8388607 4539881 128 4539881 8388607 10960243 11863282 10960243 8388607 4539881 128 128 4539881 8388607 10960243 11863282 10960243 8388607 4539881 128 4539881 8388607 10960243 11863282 10960243 8388607 4539881 128 4539881 8388607 10960243 11863282 10960243 8388607 4539881 128 4539881 8388607 10960243 11863282 10960243 8388607 4539881 
2456966 4539881 5931641 6420362 5931641 4539881 2456966 128 2456966 4539881 5931641 6420362 5931641 4539881 2456966 128 2456966 4539881 5931641 6420362 5931641 4539881 2456966 128 2456966 4539881 5931641 6420362 5931641 4539881 2456966 128 128 2456966 4539881 5931641 6420362 5931641 4539881 2456966 128 2456966 4539881 5931641 6420362 5931641 4539881 2456966 128 2456966 4539881 5931641 6420362 5931641 4539881 2456966 128 2456966 4539881 5931641 6420362 5931641 4539881 2456966 
128 128 128 128 128 128 128 128 128 128 128 128 128 128 128 128 128 128 128 128 128 128 128 128 128 128 128 128 128 128 128 128 128 128 128 128 128 128 128 128 128 128 128 128 128 128 128 128 128 128 128 128 128 128 128 128 128 128 128 128 128 128 128 128 
128 128 128 128 128 128 128 128 128 128 128 128 128 128 128 128 128 128 128 128 128 128 128 128 128 128 128 128 128 128 128 128 128 128 128 128 128 128 128 128 128 128 128 128 128 128 128 128 128 128 128 128 128 128 128 128 128 128 128 128 128 128 128 128 
2456966 4539881 5931641 6420362 5931641 4539881 2456966 128 2456966 4539881 5931641 6420362 5931641 4539881 2456966 128 2456966 4539881 5931641 6420362 5931641 4539881 2456966 128 2456966 4539881 5931641 6420362 5931641 4539881 2456966 128 128 2456966 4539881 5931641 6420362 5931641 4539881 2456966 128 2456966 4539881 5931641 6420362 5931641 4539881 2456966 128 2456966 4539881 5931641 6420362 5931641 4539881 2456966 128 2456966 4539881 5931641 6420362 5931641 4539881 2456966 
4539881 8388607 10960243 11863282 10960243 8388607 4539881 128 4539881 8388607 10960243 11863282 10960243 8388607 4539881 128 4539881 8388607 10960243 11863282 10960243 8388607 4539881 128 4539881 8388607 10960243 11863282 10960243 8388607 4539881 128 128 4539881 8388607 10960243 11863282 10960243 8388607 4539881 128 4539881 8388607 10960243 11863282 10960243 8388607 4539881 128 4539881 8388607 10960243 11863282 10960243 8388607 4539881 128 4539881 8388607 10960243 11863282 10960243 8388607 4539881 
5931641 10960243 14320248 15500125 14320248 10960243 5931641 128 5931641 10960243 14320248 15500125 14320248 10960243 5931641 128 5931641 10960243 14320248 15500125 14320248 10960243 5931641 128 5931641 10960243 14320248 15500125 14320248 10960243 5931641 128 128 5931641 10960243 14320248 15500125 14320248 10960243 5931641 128 5931641 10960243 14320248 15500125 14320248 10960243 5931641 128 5931641 10960243 14320248 15500125 14320248 10960243 5931641 128 5931641 10960243 14320248 15500125 14320248 10960243 5931641 
6420362 11863282 15500125 16777215 15500125 11863282 6420362 128 6420362 11863282 15500125 16777215 15500125 11863282 6420362 128 6420362 11863282 15500125 16777215 15500125 11863282 6420362 128 6420362 11863282 15500125 16777215 15500125 11863282 6420362 128 128 6420362 11863282 15500125 16777215 15500125 11863282 6420362 128 6420362 11863282 15500125 16777215 15500125 11863282 6420362 128 6420362 11863282 15500125 16777215 15500125 11863282 6420362 128 6420362 11863282 15500125 16777215 15500125 11863282 6420362 
5931641 10960243 14320248 15500125 14320248 10960243 5931641 128 5931641 10960243 14320248 15500125 14320248 10960243 5931641 128 5931641 10960243 14320248 15500125 14320248 10960243 5931641 128 5931641 10960243 14320248 15500125 14320248 10960243 5931641 128 128 5931641 10960243 14320248 15500125 14320248 10960243 5931641 128 5931641 10960243 14320248 15500125 14320248 10960243 5931641 128 5931641 10960243 14320248 15500125 14320248 10960243 5931641 128 5931641 10960243 14320248 15500125 14320248 10960243 5931641 
4539881 8388607 10960243 11863282 10960243 8388607 4539881 128 4539881 8388607 10960243 11863282 10960243 8388607 4539881 128 4539881 8388607 10960243 11863282 10960243 8388607 4539881 128 4539881 8388607 10960243 11863282 10960243 8388607 4539881 128 128 4539881 8388607 10960243 11863282 10960243 8388607 4539881 128 4539881 8388607 10960243 11863282 10960243 8388607 4539881 128 4539881 8388607 10960243 11863282 10960243 8388607 4539881 128 4539881 8388607 10960243 11863282 10960243 8388607 4539881 
2456966 4539881 5931641 6420362 5931641 4539881 2456966 128 2456966 4539881 5931641 6420362 5931641 4539881 2456966 128 2456966 4539881 5931641 6420362 5931641 4539881 2456966 128 2456966 4539881 5931641 6420362 5931641 4539881 2456966 128 128 2456966 4539881 5931641 6420362 5931641 4539881 2456966 128 2456966 4539881 5931641 6420362 5931641 4539881 2456966 128 2456966 4539881 5931641 6420362 5931641 4539881 2456966 128 2456966 4539881 5931641 6420362 5931641 4539881 2456966 
128 128 128 128 128 128 128 128 128 128 128 128 128 128 128 128 128 128 128 128 128 128 128 128 128 128 128 128 128 128 128 128 128 128 128 128 128 128 128 128 128 128 128 128 128 128 128 128 128 128 128 128 128 128 128 128 128 128 128 128 128 128 128 128 
2456966 4539881 5931641 6420362 5931641 4539881 2456966 128 2456966 4539881 5931641 6420362 5931641 4539881 2456966 128 2456966 4539881 5931641 6420362 5931641 4539881 2456966 128 2456966 4539881 5931641 6420362 5931641 4539881 2456966 128 128 2456966 4539881 5931641 6420362 5931641 4539881 2456966 128 2456966 4539881 5931641 6420362 5931641 4539881 2456966 128 2456966 4539881 5931641 6420362 5931641 4539881 2456966 128 2456966 4539881 5931641 6420362 5931641 4539881 2456966 
4539881 8388607 10960243 11863282 10960243 8388607 4539881 128 4539881 8388607 10960243 11863282 10960243 8388607 4539881 128 4539881 8388607 10960243 11863282 10960243 8388607 4539881 128 4539881 8388607 10960243 11863282 10960243 8388607 4539881 128 128 4539881 8388607 10960243 11863282 10960243 8388607 4539881 128 4539881 8388607 10960243 11863282 10960243 8388607 4539881 128 4539881 8388607 10960243 11863282 10960243 8388607 4539881 128 4539881 8388607 10960243 11863282 10960243 8388607 4539881 
5931641 10960243 14320248 15500125 14320248 10960243 5931641 128 5931641 10960243 14320248 15500125 14320248 10960243 5931641 128 5931641 10960243 14320248 15500125 14320248 10960243 5931641 128 5931641 10960243 14320248 15500125 14320248 10960243 5931641 128 128 5931641 10960243 14320248 15500125 14320248 10960243 5931641 128 5931641 10960243 14320248 15500125 14320248 10960243 5931641 128 5931641 10960243 14320248 15500125 14320248 10960243 5931641 128 5931641 10960243 14320248 15500125 14320248 10960243 5931641 
6420362 11863282 15500125 16777215 15500125 11863282 6420362 128 6420362 11863282 15500125 16777215 15500125 11863282 6420362 128 6420362 11863282 15500125 16777215 15500125 11863282 6420362 128 6420362 11863282 15500125 16777215 15500125 11863282 6420362 128 128 6420362 11863282 15500125 16777215 15500125 11863282 6420362 128 6420362 11863282 15500125 16777215 15500125 11863282 6420362 128 6420362 11863282 15500125 16777215 15500125 11863282 6420362 128 6420362 11863282 15500125 16777215 15500125 11863282 6420362 
5931641 10960243 14320248 15500125 14320248 10960243 5931641 128 5931641 10960243 14320248 15500125 14320248 10960243 5931641 128 5931641 10960243 14320248 15500125 14320248 10960243 5931641 128 5931641 10960243 14320248 15500125 14320248 10960243 5931641 128 128 5931641 10960243 14320248 15500125 14320248 10960243 5931641 128 5931641 10960243 14320248 15500125 14320248 10960243 5931641 128 5931641 10960243 14320248 15500125 14320248 10960243 5931641 128 5931641 10960243 14320248 15500125 14320248 10960243 5931641 
4539881 8388607 10960243 11863282 10960243 8388607 4539881 128 4539881 8388607 10960243 11863282 10960243 8388607 4539881 128 4539881 8388607 10960243 11863282 10960243 8388607 4539881 128 4539881 8388607 10960243 11863282 10960243 8388607 4539881 128 128 4539881 8388607 10960243 11863282 10960243 8388607 4539881 128 4539881 8388607 10960243 11863282 10960243 8388607 4539881 128 4539881 8388607 10960243 11863282 10960243 8388607 4539881 128 4539881 8388607 10960243 11863282 10960243 8388607 4539881 
2456966 4539881 5931641 6420362 5931641 4539881 2456966 128 2456966 4539881 5931641 6420362 5931641 4539881 2456966 128 2456966 4539881 5931641 6420362 5931641 4539881 2456966 128 2456966 4539881 5931641 6420362 5931641 4539881 2456966 128 128 2456966 4539881 5931641 6420362 5931641 4539881 2456966 128 2456966 4539881 5931641 6420362 5931641 4539881 2456966 128 2456966 4539881 5931641 6420362 5931641 4539881 2456966 128 2456966 4539881 5931641 6420362 5931641 4539881 2456966 
128 128 128 128 128 128 128 128 128 128 128 128 128 128 128 128 128 128 128 128 128 128 128 128 128 128 128 128 128 128 128 128 128 128 128 128 128 128 128 128 128 128 128 128 128 128 128 128 128 128 128 128 128 128 128 128 128 128 128 128 128 128 128 128 
2456966 4539881 5931641 6420362 5931641 4539881 2456966 128 2456966 4539881 5931641 6420362 5931641 4539881 2456966 128 2456966 4539881 5931641 6420362 5931641 4539881 2456966 128 2456966 4539881 5931641 6420362 5931641 4539881 2456966 128 128 2456966 4539881 5931641 6420362 5931641 4539881 2456966 128 2456966 4539881 5931641 6420362 5931641 4539881 2456966 128 2456966 4539881 5931641 6420362 5931641 4539881 2456966 128 2456966 4539881 5931641 6420362 5931641 4539881 2456966 
4539881 8388607 10960243 11863282 10960243 8388607 4539881 128 4539881 8388607 10960243 11863282 10960243 8388607 4539881 128 4539881 8388607 10960243 11863282 10960243 8388607 4539881 128 4539881 8388607 10960243 11863282 10960243 8388607 4539881 128 128 4539881 8388607 10960243 11863282 10960243 8388607 4539881 128 4539881 8388607 10960243 11863282 10960243 8388607 4539881 128 4539881 8388607 10960243 11863282 10960243 8388607 4539881 128 4539881 8388607 10960243 11863282 10960243 8388607 4539881 
5931641 10960243 14320248 15500125 14320248 10960243 5931641 128 5931641 10960243 14320248 15500125 14320248 10960243 5931641 128 5931641 10960243 14320248 15500125 14320248 10960243 5931641 128 5931641 10960243 14320248 15500125 14320248 10960243 5931641 128 128 5931641 10960243 14320248 15500125 14320248 10960243 5931641 128 5931641 10960243 14320248 15500125 14320248 10960243 5931641 128 5931641 10960243 14320248 15500125 14320248 10960243 5931641 128 5931641 10960243 14320248 15500125 14320248 10960243 5931641 
6420362 11863282 15500125 16777215 15500125 11863282 6420362 128 6420362 11863282 15500125 16777215 15500125 11863282 6420362 128 6420362 11863282 15500125 16777215 15500125 11863282 6420362 128 6420362 11863282 15500125 16777215 15500125 11863282 6420362 128 128 6420362 11863282 15500125 16777215 15500125 11863282 6420362 128 6420362 11863282 15500125 16777215 15500125 11863282 6420362 128 6420362 11863282 15500125 16777215 15500125 11863282 6420362 128 6420362 11863282 15500125 16777215 15500125 11863282 6420362 
5931641 10960243 14320248 15500125 14320248 10960243 5931641 128 5931641 10960243 14320248 15500125 14320248 10960243 5931641 128 5931641 10960243 14320248 15500125 14320248 10960243 5931641 128 5931641 10960243 14320248 15500125 14320248 10960243 5931641 128 128 5931641 10960243 14320248 15500125 14320248 10960243 5931641 128 5931641 10960243 14320248 15500125 14320248 10960243 5931641 128 5931641 10960243 14320248 15500125 14320248 10960243 5931641 128 5931641 10960243 14320248 15500125 14320248 10960243 5931641 
4539881 8388607 10960243 11863282 10960243 8388607 4539881 128 4539881 8388607 10960243 11863282 10960243 8388607 4539881 128 4539881 8388607 10960243 11863282 10960243 8388607 4539881 128 4539881 8388607 10960243 11863282 10960243 8388607 4539881 128 128 4539881 8388607 10960243 11863282 10960243 8388607 4539881 128 4539881 8388607 10960243 11863282 10960243 8388607 4539881 128 4539881 8388607 10960243 11863282 10960243 8388607 4539881 128 4539881 8388607 10960243 11863282 10960243 8388607 4539881 
2456966 4539881 5931641 6420362 5931641 4539881 2456966 128 2456966 4539881 5931641 6420362 5931641 4539881 2456966 128 2456966 4539881 5931641 6420362 5931641 4539881 2456966 128 2456966 4539881 5931641 6420362 5931641 4539881 2456966 128 128 2456966 4539881 5931641 6420362 5931641 4539881 2456966 128 2456966 4539881 5931641 6420362 5931641 4539881 2456966 128 2456966 4539881 5931641 6420362 5931641 4539881 2456966 128 2456966 4539881 5931641 6420362 5931641 4539881 2456966 
128 128 128 128 128 128 128 128 128 128 128 128 128 128 128 128 128 128 128 128 128 128 128 128 128 128 128 128 128 128 128 128 128 128 128 128 128 128 128 128 128 128 128 128 128 128 128 128 128 128 128 128 128 128 128 128 128 128 128 128 128 128 128 128 
2456966 4539881 5931641 6420362 5931641 4539881 2456966 128 2456966 4539881 5931641 6420362 5931641 4539881 2456966 128 2456966 4539881 5931641 6420362 5931641 4539881 2456966 128 2456966 4539881 5931641 6420362 5931641 4539881 2456966 128 128 2456966 4539881 5931641 6420362 5931641 4539881 2456966 128 2456966 4539881 5931641 6420362 5931641 4539881 2456966 128 2456966 4539881 5931641 6420362 5931641 4539881 2456966 128 2456966 4539881 5931641 6420362 5931641 4539881 2456966 
4539881 8388607 10960243 11863282 10960243 8388607 4539881 128 4539881 8388607 10960243 11863282 10960243 8388607 4539881 128 4539881 8388607 10960243 11863282 10960243 8388607 4539881 128 4539881 8388607 10960243 11863282 10960243 8388607 4539881 128 128 4539881 8388607 10960243 11863282 10960243 8388607 4539881 128 4539881 8388607 10960243 11863282 10960243 8388607 4539881 128 4539881 8388607 10960243 11863282 10960243 8388607 4539881 128 4539881 8388607 10960243 11863282 10960243 8388607 4539881 
5931641 10960243 14320248 15500125 14320248 10960243 5931641 128 5931641 10960243 14320248 15500125 14320248 10960243 5931641 128 5931641 10960243 14320248 15500125 14320248 10960243 5931641 128 5931641 10960243 14320248 15500125 14320248 10960243 5931641 128 128 5931641 10960243 14320248 15500125 14320248 10960243 5931641 128 5931641 10960243 14320248 15500125 14320248 10960243 5931641 128 5931641 10960243 14320248 15500125 14320248 10960243 5931641 128 5931641 10960243 14320248 15500125 14320248 10960243 5931641 
6420362 11863282 15500125 16777215 15500125 11863282 6420362 128 6420362 11863282 15500125 16777215 15500125 11863282 6420362 128 6420362 11863282 15500125 16777215 15500125 11863282 6420362 128 6420362 11863282 15500125 16777215 15500125 11863282 6420362 128 128 6420362 11863282 15500125 16777215 15500125 11863282 6420362 128 6420362 11863282 15500125 16777215 15500125 11863282 6420362 128 6420362 11863282 15500125 16777215 15500125 11863282 6420362 128 6420362 11863282 15500125 16777215 15500125 11863282 6420362 
5931641 10960243 14320248 15500125 14320248 10960243 5931641 128 5931641 10960243 14320248 15500125 14320248 10960243 5931641 128 5931641 10960243 14320248 15500125 14320248 10960243 5931641 128 5931641 10960243 14320248 15500125 14320248 10960243 5931641 128 128 5931641 10960243 14320248 15500125 14320248 10960243 5931641 128 5931641 10960243 14320248 15500125 14320248 10960243 5931641 128 5931641 10960243 14320248 15500125 14320248 10960243 5931641 128 5931641 10960243 14320248 15500125 14320248 10960243 5931641 
4539881 8388607 10960243 11863282 10960243 8388607 4539881 128 4539881 8388607 10960243 11863282 10960243 8388607 4539881 128 4539881 8388607 10960243 11863282 10960243 8388607 4539881 128 4539881 8388607 10960243 11863282 10960243 8388607 4539881 128 128 4539881 8388607 10960243 11863282 10960243 8388607 4539881 128 4539881 8388607 10960243 11863282 10960243 8388607 4539881 128 4539881 8388607 10960243 11863282 10960243 8388607 4539881 128 4539881 8388607 10960243 11863282 10960243 8388607 4539881 
2456966 4539881 5931641 6420362 5931641 4539881 2456966 128 2456966 4539881 5931641 6420362 5931641 4539881 2456966 128 2456966 4539881 5931641 6420362 5931641 4539881 2456966 128 2456966 4539881 5931641 6420362 5931641 4539881 2456966 128 128 2456966 4539881 5931641 6420362 5931641 4539881 2456966 128 2456966 4539881 5931641 6420362 5931641 4539881 2456966 128 2456966 4539881 5931641 6420362 5931641 4539881 2456966 128 2456966 4539881 5931641 6420362 5931641 4539881 2456966 
