0.2000  0.0000  -0.6000  4194304
0.1956  0.0416  -0.4667  5177344
0.1827  0.0813  -0.3333  6094848
0.1618  0.1176  -0.2000  7012352
0.1338  0.1486  -0.0667  7929856
0.1000  0.1732  0.0667  8847360
0.0618  0.1902  0.2000  9764864
0.0209  0.1989  0.3333  10682368
-0.0209  0.1989  0.4667  11599872
-0.0618  0.1902  0.6000  12582912
0.1000  0.1732  -0.6000  4194304
0.0618  0.1902  -0.4667  5177344
0.0209  0.1989  -0.3333  6094848
-0.0209  0.1989  -0.2000  7012352
-0.0618  0.1902  -0.0667  7929856
-0.1000  0.1732  0.0667  8847360
-0.1338  0.1486  0.2000  9764864
-0.1618  0.1176  0.3333  10682368
-0.1827  0.0813  0.4667  11599872
-0.1956  0.0416  0.6000  12582912
-0.1000  0.1732  -0.6000  4194304
-0.1338  0.1486  -0.4667  5177344
-0.1618  0.1176  -0.3333  6094848
-0.1827  0.0813  -0.2000  7012352
-0.1956  0.0416  -0.0667  7929856
-0.2000  0.0000  0.0667  8847360
-0.1956  -0.0416  0.2000  9764864
-0.1827  -0.0813  0.3333  10682368
-0.1618  -0.1176  0.4667  11599872
-0.1338  -0.1486  0.6000  12582912
-0.2000  0.0000  -0.6000  4194304
-0.1956  -0.0416  -0.4667  5177344
-0.1827  -0.0813  -0.3333  6094848
-0.1618  -0.1176  -0.2000  7012352
-0.1338  -0.1486  -0.0667  7929856
-0.1000  -0.1732  0.0667  8847360
-0.0618  -0.1902  0.2000  9764864
-0.0209  -0.1989  0.3333  10682368
0.0209  -0.1989  0.4667  11599872
0.0618  -0.1902  0.6000  12582912
-0.1000  -0.1732  -0.6000  4194304
-0.0618  -0.1902  -0.4667  5177344
-0.0209  -0.1989  -0.3333  6094848
0.0209  -0.1989  -0.2000  7012352
0.0618  -0.1902  -0.0667  7929856
0.1000  -0.1732  0.0667  8847360
0.1338  -0.1486  0.2000  9764864
0.1618  -0.1176  0.3333  10682368
0.1827  -0.0813  0.4667  11599872
0.1956  -0.0416  0.6000  12582912
0.1000  -0.1732  -0.6000  4194304
0.1338  -0.1486  -0.4667  5177344
0.1618  -0.1176  -0.3333  6094848
0.1827  -0.0813  -0.2000  7012352
0.1956  -0.0416  -0.0667  7929856
0.2000  -0.0000  0.0667  8847360
0.1956  0.0416  0.2000  9764864
0.1827  0.0813  0.3333  10682368
0.1618  0.1176  0.4667  11599872
0.1338  0.1486  0.6000  12582912
